1694344127050 169.08902758239503 0
1694344127245 168.75180288377763 1
1694344127384 168.58637348100197 2
1694344127509 168.41962980414175 3
1694344127640 168.2531027594013 4
1694344127785 168.0867143006654 5
1694344127936 167.92050710774598 6
1694344128081 167.75444953762772 7
1694344128340 167.58854994390703 8
1694344128589 167.42284471047137 9
1694344128793 167.25728222128012 10
1694344128950 167.09190040132896 11
1694344129078 166.92665478250538 12
1694344129240 166.7615974188289 13
1694344129404 166.59670885847768 14
1694344129558 166.43196824487092 15
1694344129713 166.2674076907093 16
1694344129867 166.1029823643206 17
1694344130042 165.93874445642447 18
1694344130201 165.77467470737668 19
1694344130370 165.6107628303659 20
1694344130524 165.44700305172773 21
1694344130705 165.28339938389144 22
1694344131019 165.11998791251528 23
1694344131200 164.95671635854754 24
1694344131418 164.79362382874712 25
1694344131561 164.6306769611041 26
1694344131818 164.46788551341186 27
1694344131989 164.30528550393413 28
1694344132187 164.14282442105977 29
