1694345724708 159.61668053888613 0
1694345724874 159.3002080065135 1
1694345725097 158.98442933949514 2
1694345725262 158.66934295154851 3
1694345725554 158.3549472601031 4
1694345725785 158.04124068629162 5
1694345726037 157.72822165494105 6
1694345726213 157.41588859456428 7
1694345726504 157.10423993735105 8
1694345726754 156.79327411915932 9
1694345726973 156.48298957950672 10
1694345727174 156.1733847615617 11
1694345727319 155.86445811213486 12
1694345727463 155.55620808167058 13
1694345727610 155.24863312423815 14
1694345727793 154.94173169752327 15
1694345727977 154.63550226281953 16
1694345728143 154.3299432850197 17
1694345728297 154.02505323260755 18
1694345728448 153.7208305776489 19
1694345728638 153.41727379578353 20
1694345728797 153.11438136621635 21
1694345728951 152.81215177170932 22
1694345729242 152.51058349857274 23
1694345729462 152.20967503665705 24
1694345729702 151.90942487934424 25
1694345729901 151.6098315235396 26
1694345730163 151.3108934696635 27
1694345730394 151.01260922164286 28
1694345730616 150.71497728690284 29
