1694342414952 9.57868076396406e+43 0
1694342415118 2.0698367804330814e+45 1
1694342415357 4.472667051205194e+46 2
1694342415541 9.664892847727557e+47 3
1694342415717 2.0884665171572925e+49 4
1694342415880 4.5129236941062195e+50 5
1694342416022 9.751882590179352e+51 6
1694342416215 2.1072639490192034e+53 7
1694342416352 4.553542672168661e+54 8
1694342416465 9.839655291835463e+55 9
1694342416571 2.126230568869017e+57 10
1694342416685 4.594527245018722e+58 11
1694342416813 9.928217999634918e+59 12
1694342416960 2.1453678994969785e+61 13
1694342417099 4.6358807032252445e+62 14
1694342417223 1.0017577824099617e+64 15
1694342417336 2.1646774774009217e+65 16
1694342417459 4.677606366974228e+66 17
1694342417575 1.0107741939750146e+68 18
1694342417717 2.1841608529080057e+69 19
1694342417845 4.7197075863353133e+70 20
1694342418103 1.0198717585682036e+72 21
1694342418310 2.2038195902993054e+73 22
1694342418473 4.762187741530859e+74 23
1694342418607 1.0290512066147218e+76 24
1694342418767 2.2236552679353378e+77 25
1694342419036 4.8050502432070105e+78 26
1694342419233 1.0383132751139803e+80 27
1694342419399 2.243669478382749e+81 28
1694342419541 4.8482985327079855e+82 29
