1694344377892 93.01603125261701 0
1694344378021 92.10448455683982 1
1694344378167 91.20266481400472 2
1694344378364 90.30964770828601 3
1694344378533 89.4254562632148 4
1694344378697 88.54982418824565 5
1694344379034 87.68311557092699 6
1694344379250 86.8248726569491 7
1694344379623 85.97494633768667 8
1694344379961 85.1336708589805 9
1694344380196 84.300615065654 10
1694344380341 83.47563758374976 11
1694344380509 82.65904639353076 12
1694344380710 81.85043612946791 13
1694344380859 81.04981474391084 14
1694344381010 80.25696103264937 15
1694344381157 79.47215499384988 16
1694344381358 78.6950218137981 17
1694344381523 77.92543666646077 18
1694344381682 77.16365244828887 19
1694344381852 76.40931845083932 20
1694344382021 75.66231684121067 21
1694344382214 74.92287672902746 22
1694344382573 74.19067076445936 23
1694344382796 73.46558789465992 24
1694344382996 72.7478341652805 25
1694344383236 72.03700418177864 26
1694344383664 71.33335259604449 27
1694344383850 70.63658972373297 28
1694344383988 69.94661598556286 29
