1694342465180 169.089027582395 0
1694342465459 168.9280369987604 1
1694342465667 168.77319908384504 2
1694342465866 168.62375953164923 3
1694342466030 168.4790590055584 4
1694342466141 168.33852117697356 5
1694342466275 168.20164227048082 6
1694342466391 168.0679819258115 7
1694342466525 167.93715521074162 8
1694342466650 167.80882563997045 9
1694342466778 167.68269907327362 10
1694342466894 167.5585183821868 11
1694342467015 167.43605878842234 12
1694342467162 167.31512378941443 13
1694342467312 167.195541597043 14
1694342467447 167.07716202490252 15
1694342467582 166.95985376761968 16
1694342467703 166.8435020228425 17
1694342467834 166.72800641274074 18
1694342467999 166.61327916729394 19
1694342468249 166.49924353639508 20
1694342468444 166.3858324019505 21
1694342468653 166.27298706478592 22
1694342468820 166.16065618434249 23
1694342469003 166.04879485191805 24
1694342469266 165.9373637806342 25
1694342469467 165.82632859742728 26
1694342469662 165.71565922421289 27
1694342469836 165.60532933699335 28
1694342469964 165.49531589309058 29
