1694339054208 8.396579560820711e+107 0
1694339054305 2.584982073497524e+111 1
1694339054389 7.958161351566847e+114 2
1694339054460 2.4500104952205684e+118 3
1694339054543 7.5426359953221905e+121 4
1694339054611 2.322086287749071e+125 5
1694339054688 7.14880677139442e+128 6
1694339054788 2.2008414814022327e+132 7
1694339054895 6.775540843602891e+135 8
1694339054998 2.0859273196759925e+139 9
1694339055132 6.421764525379147e+142 10
1694339055319 1.9770132559471826e+146 11
1694339055488 6.08646019134457e+149 12
1694339055615 1.8737860026676426e+153 13
1694339055706 5.768663350145948e+156 14
1694339055806 1.7759486302032975e+160 15
1694339055928 5.467459870129479e+163 16
1694339056103 1.683219712726401e+167 17
1694339056221 5.181983349872557e+170 18
1694339056341 1.5953325187037758e+174 19
1694339056446 4.911412626009916e+177 20
1694339056542 1.512034243652793e+181 21
1694339056647 4.6549694111855485e+184 22
1694339056736 1.4330852829579788e+188 23
1694339056821 4.4119160553359947e+191 24
1694339056912 1.3582585426566204e+195 25
1694339057000 4.1815534238653793e+198 26
1694339057085 1.2873387862108051e+202 27
1694339057184 3.963218886608821e+205 28
1694339057281 1.22012201538692e+209 29
