1694345040003 92.2894907298239 0
1694345040193 91.37508380414414 1
1694345040381 90.47010554787667 2
1694345040578 89.57411968504475 3
1694345040743 88.68703974979645 4
1694345040902 87.80877714717617 5
1694345041163 86.9392441859519 6
1694345041335 86.07835404741324 7
1694345041526 85.22602077683614 8
1694345041853 84.38215927487704 9
1694345042116 83.54668528905377 10
1694345042336 82.7195154053113 11
1694345042565 81.90056703967173 12
1694345042854 81.08975842996739 13
1694345043072 80.28700862765656 14
1694345043245 79.49223748972042 15
1694345043389 78.70536567064123 16
1694345043564 77.92631461446008 17
1694345043743 77.15500654691414 18
1694345043883 76.39136446765198 19
1694345044050 75.6353121425268 20
1694345044215 74.88677409596622 21
1694345044403 74.1456756034183 22
1694345044550 73.41194268387292 23
1694345044698 72.68550209245733 24
1694345044841 71.96628131310602 25
1694345044984 71.2542085513033 26
1694345045178 70.54921272689829 27
1694345045497 69.85122346699171 28
1694345045748 69.16017109889327 29
