1694345403324 169.45167864827076 0
1694345403681 166.0874158523265 1
1694345404039 164.45125183055302 2
1694345404412 162.8228715933909 3
1694345404777 161.210689168473 4
1694345405090 159.61450136937324 5
1694345405534 158.0341496880769 6
1694345405934 156.46947697654596 7
1694345406351 154.92032764760586 8
1694345406796 153.38654765837637 9
1694345407232 151.8679844949447 10
1694345407516 150.3644871571852 11
1694345407761 148.8759061437303 12
1694345408025 147.4020934370902 13
1694345408262 145.9429024889208 14
1694345408681 144.4981882054376 15
1694345409063 143.06780693297463 16
1694345409418 141.65161644368692 17
1694345409673 140.24947592139446 18
1694345410066 138.86124594756762 19
1694345410494 137.48678848745075 20
1694345410867 136.12596687632444 21
1694345411150 134.77864580590358 22
1694345411399 133.444691310871 23
1694345411617 132.12397075554455 24
1694345411844 130.81635282067654 25
1694345412095 129.52170749038464 26
1694345412313 128.23990603921214 27
1694345412456 126.97082101931703 28
1694345412748 125.71432624778811 29
