1694338592890 0.3338314917866025 0
1694338592952 0.33283792703145026 1
1694338593018 0.33194750250716043 2
1694338593087 0.3311488296611522 3
1694338593157 0.33043190282731416 4
1694338593227 0.32978791106023897 5
1694338593289 0.329209078565465 6
1694338593348 0.3286885289665691 7
1694338593400 0.3282201694977539 8
1694338593457 0.3277985918994781 9
1694338593510 0.3274189873557146 10
1694338593571 0.32707707326929203 11
1694338593627 0.3267690300463266 12
1694338593684 0.32649144636777183 13
1694338593743 0.3262412716783432 14
1694338593796 0.3260157748307744 15
1694338593854 0.3258125079947274 16
1694338593909 0.3256292750814319 17
1694338593963 0.3254641040526154 18
1694338594019 0.32531522257991 19
1694338594086 0.3251810366022125 20
1694338594144 0.3250601113963352 21
1694338594209 0.32495115483307546 22
1694338594272 0.3248530025384558 23
1694338594330 0.3247646047199456 24
1694338594394 0.3246850144512385 25
1694338594452 0.324613377237702 26
1694338594501 0.324548921708795 27
1694338594551 0.3244909513042955 28
1694338594601 0.32443883683868685 29
