1694346571895 169.45568874199702 0
1694346572272 169.42187068105463 1
1694346572645 169.40496697501334 2
1694346572914 169.38806411342077 3
1694346573215 169.37116311052358 4
1694346573429 169.354263966048 5
1694346573615 169.33736667978124 6
1694346573824 169.32047125151053 7
1694346574048 169.30357768102309 8
1694346574263 169.2866859681061 9
1694346574492 169.26979611254689 10
1694346574690 169.25290811413274 11
1694346575077 169.236021972651 12
1694346575356 169.21913768788895 13
1694346575697 169.20225525963406 14
1694346575997 169.1853746876736 15
1694346576332 169.16849597179515 16
1694346576667 169.15161911178603 17
1694346576894 169.13474410743376 18
1694346577082 169.11787095852583 19
1694346577296 169.10099966484975 20
1694346577509 169.08413022619308 21
1694346577727 169.0672626423434 22
1694346577895 169.05039691308832 23
1694346578073 169.03353303821538 24
1694346578280 169.01667101751238 25
1694346578606 168.99981085076683 26
1694346578942 168.98295253776647 27
1694346579222 168.9660960782991 28
1694346579681 168.94924147215235 29
