1694338747627 8.396579560820718e+107 0
1694338747723 2.584982073497523e+111 1
1694338747811 7.958161351566834e+114 2
1694338747898 2.4500104952205626e+118 3
1694338747981 7.542635995322164e+121 4
1694338748072 2.322086287749055e+125 5
1694338748126 7.148806771394378e+128 6
1694338748193 2.200841481402214e+132 7
1694338748263 6.775540843602838e+135 8
1694338748340 2.0859273196759835e+139 9
1694338748426 6.421764525379124e+142 10
1694338748512 1.9770132559471762e+146 11
1694338748594 6.086460191344536e+149 12
1694338748681 1.873786002667639e+153 13
1694338748773 5.768663350145931e+156 14
1694338748852 1.7759486302032982e+160 15
1694338748953 5.467459870129487e+163 16
1694338749123 1.6832197127264034e+167 17
1694338749245 5.181983349872551e+170 18
1694338749338 1.5953325187037668e+174 19
1694338749449 4.911412626009894e+177 20
1694338749539 1.5120342436527804e+181 21
1694338749632 4.654969411185502e+184 22
1694338749736 1.4330852829579628e+188 23
1694338749948 4.4119160553359275e+191 24
1694338750154 1.358258542656602e+195 25
1694338750258 4.1815534238653193e+198 26
1694338750358 1.2873387862107862e+202 27
1694338750432 3.9632188866087554e+205 28
1694338750516 1.2201220153869075e+209 29
