1694338781208 1.322488662352897e+108 0
1694338781304 4.145708997789361e+111 1
1694338781391 1.2996155749365292e+115 2
1694338781466 4.074092809152726e+118 3
1694338781558 1.2771647682674934e+122 4
1694338781641 4.0037130268954925e+125 5
1694338781722 1.2551018004888724e+129 6
1694338781795 3.9345490523627606e+132 7
1694338781879 1.2334199695529754e+136 8
1694338781973 3.86657988258777e+139 9
1694338782060 1.212112691336667e+143 10
1694338782177 3.7997848773684716e+146 11
1694338782285 1.1911734954574266e+150 12
1694338782445 3.734143753061413e+153 13
1694338782596 1.1705960233083318e+157 14
1694338782716 3.66963657642226e+160 15
1694338782821 1.1503740261271264e+164 16
1694338782918 3.606243758552641e+167 17
1694338783023 1.1305013630986485e+171 18
1694338783240 3.543946048951615e+174 19
1694338783404 1.11097199949008e+178 20
1694338783527 3.482724529669737e+181 21
1694338783640 1.0917800048183454e+185 22
1694338783760 3.422560609564447e+188 23
1694338783864 1.0729195510492225e+192 24
1694338783956 3.363436018654339e+195 25
1694338784045 1.0543849108275215e+199 26
1694338784146 3.305332802571182e+202 27
1694338784210 1.036170455737886e+206 28
1694338784301 3.2482333171076796e+209 29
