1694344397865 169.44809282082534 0
1694344398009 169.10743363881724 1
1694344398178 168.9375730192238 2
1694344398309 168.77298299212816 3
1694344398479 168.60596150170335 4
1694344398640 168.4391075306459 5
1694344398829 168.27241961377473 6
1694344399004 168.1058975861368 7
1694344399408 167.9395412822947 8
1694344399734 167.77335053697647 9
1694344399941 167.60732518507504 10
1694344400117 167.44146506164842 11
1694344400289 167.2757700019191 12
1694344400460 167.1102398412743 13
1694344400600 166.9448744152655 14
1694344400745 166.77967355960834 15
1694344400995 166.6146371101826 16
1694344401213 166.44976490303188 17
1694344401387 166.2850567743635 18
1694344401593 166.12051256054835 19
1694344402463 165.95613209812066 20
1694344402711 165.79191522377798 21
1694344402961 165.6278617743808 22
1694344403143 165.4639715869525 23
1694344403306 165.30024449867932 24
1694344403487 165.13668034691 25
1694344403666 164.97327896915567 26
1694344403870 164.8100402030897 27
1694344404043 164.64696388654752 28
1694344404206 164.48404985752663 29
