1694344833730 167.67810931060765 0
1694344833886 167.64459777120598 1
1694344834067 167.61109294441798 2
1694344834388 167.57759482889838 3
1694344834636 167.544103423302 4
1694344835012 167.5106187262839 5
1694344835288 167.47714073649962 6
1694344835538 167.4436694526047 7
1694344835751 167.4102048732552 8
1694344835993 167.37674699710723 9
1694344836163 167.34329582281737 10
1694344836314 167.3098513490423 11
1694344836465 167.27641357443906 12
1694344836648 167.242982497665 13
1694344836811 167.20955811737758 14
1694344836956 167.17614043223472 15
1694344837127 167.14272944089447 16
1694344837299 167.1093251420152 17
1694344837466 167.07592753425558 18
1694344837631 167.04253661627445 19
1694344837905 167.00915238673107 20
1694344838189 166.97577484428484 21
1694344838390 166.94240398759547 22
1694344838564 166.90903981532296 23
1694344838866 166.87568232612753 24
1694344839150 166.84233151866977 25
1694344839332 166.80898739161037 26
1694344839490 166.77564994361046 27
1694344839629 166.74231917333134 28
1694344839770 166.7089950794346 29
