1694344430553 169.45812083530177 0
1694344430694 169.42403748771977 1
1694344430835 169.40700050854232 2
1694344431005 169.3899643873845 3
1694344431189 169.37292997597032 4
1694344431368 169.35589727408595 5
1694344431525 169.33886628156017 6
1694344431678 169.32183699822164 7
1694344431989 169.30480942389926 8
1694344432227 169.28778355842175 9
1694344432495 169.2707594016179 10
1694344432710 169.25373695331658 11
1694344432870 169.2367162133466 12
1694344433020 169.21969718153682 13
1694344433177 169.20267985771613 14
1694344433370 169.18566424171345 15
1694344433509 169.16865033335765 16
1694344433649 169.1516381324777 17
1694344433823 169.13462763890246 18
1694344434005 169.117618852461 19
1694344434193 169.10061177298218 20
1694344434421 169.0841254236219 21
1694344434940 169.06738117840132 22
1694344435258 169.05063861369365 23
1694344435546 169.0338977163554 24
1694344435767 169.01715848622078 25
1694344436030 169.0004209231234 26
1694344436233 168.98368502689692 27
1694344436429 168.96695079737503 28
1694344436608 168.95021823439137 29
