1694342273208 141.16273717757252 0
1694342273355 140.3973418965024 1
1694342273564 139.64137355638027 2
1694342273774 138.89468578756473 3
1694342274008 138.15713575577576 4
1694342274118 137.42858316606305 5
1694342274255 136.70889004327367 6
1694342274473 135.99792066006802 7
1694342274618 135.29554149338065 8
1694342274757 134.6016211867655 9
1694342274872 133.9160305143449 10
1694342274977 133.23864234554406 11
1694342275133 132.56933161044762 12
1694342275270 131.90797526573962 13
1694342275399 131.25445226121184 14
1694342275507 130.6086435068299 15
1694342275627 129.97043184034774 16
1694342275769 129.33970199546113 17
1694342275894 128.71634057049116 18
1694342275992 128.10023599758927 19
1694342276108 127.49127851245463 20
1694342276370 126.8893601245555 21
1694342276550 126.29437458784624 22
1694342276726 125.70621737197156 23
1694342276878 125.12478563395008 24
1694342277015 124.54997819032874 25
1694342277280 123.98169548980098 26
1694342277492 123.41983958628 27
1694342277664 122.8643141124204 28
1694342277816 122.31502425358002 29
