1694338611929 169.08902758239503 0
1694338611988 137.0359812026933 1
1694338612035 125.3932458619873 2
1694338612090 113.85345080430793 3
1694338612149 103.43284502072173 4
1694338612210 93.96790731299424 5
1694338612270 85.37895111376855 6
1694338612343 77.58152814051971 7
1694338612413 70.50308915338734 8
1694338612496 64.07719239526403 9
1694338612554 58.24348303663827 10
1694338612612 52.947207853294984 11
1694338612665 48.13868424580913 12
1694338612717 43.77283112594478 13
1694338612770 39.808742193136766 14
1694338612823 36.209298893445855 15
1694338612881 32.94081928163606 16
1694338612945 29.972739460158536 17
1694338613013 27.277324570470753 18
1694338613083 24.829406593553518 19
1694338613157 22.6061464712288 20
1694338613301 20.58681829098401 21
1694338613477 18.75261348663059 22
1694338613602 17.08646319727238 23
1694338613739 15.572877099535594 24
1694338613851 14.197797184467701 25
1694338613963 12.948465092430473 26
1694338614042 11.81330174804859 27
1694338614112 10.78179815405275 28
1694338614183 9.844416308786691 29
