1694337710522 169.089027582395 0
1694337710565 1647.0555026711195 1
1694337710606 6470061.006899046 2
1694337710651 26998198029.95747 3
1694337710701 112659614932305.9 4
1694337710747 4.70112441048676e+17 5
1694337710790 1.9617118998201072e+21 6
1694337710830 8.185942855095786e+24 7
1694337710874 3.4158767366930324e+28 8
1694337710919 1.4253964493555085e+32 9
1694337710969 5.94797527677264e+35 10
1694337711018 2.4820049123242048e+39 11
1694337711063 1.0357051094106229e+43 12
1694337711106 4.3218491161436886e+46 13
1694337711145 1.803445750435772e+50 14
1694337711200 7.5255208762746416e+53 15
1694337711248 3.140292101692605e+57 16
1694337711284 1.3103989273410494e+61 17
1694337711324 5.468107084213718e+64 18
1694337711375 2.2817627869323183e+68 19
1694337711417 9.521469378059453e+71 20
1694337711463 3.973172830958847e+75 21
1694337711505 1.6579481294185348e+79 22
1694337711561 6.918380137969122e+82 23
1694337711619 2.8869409654107997e+86 24
1694337711678 1.2046791259743637e+90 25
1694337711748 5.026953491415939e+93 26
1694337711812 2.0976757096558775e+97 27
1694337711905 8.753300364513352e+100 28
1694337712041 3.6526269012267504e+104 29
