1694345833992 168.4181501190981 0
1694345834152 168.38455577718284 1
1694345834315 168.35096882314014 2
1694345834489 168.3173892552777 3
1694345834634 168.2838170719035 4
1694345834789 168.25025227132613 5
1694345834963 168.21669485185433 6
1694345835208 168.18314481179735 7
1694345835362 168.14960214946478 8
1694345835500 168.1160668631667 9
1694345835649 168.08253895121356 10
1694345835804 168.0490184119161 11
1694345836108 168.0155052435856 12
1694345836331 167.98199944453367 13
1694345836506 167.94850101307225 14
1694345836690 167.91500994751382 15
1694345836980 167.88152624617112 16
1694345837246 167.8480499073574 17
1694345837411 167.8145809293862 18
1694345837555 167.78111931057154 19
1694345837736 167.74766504922778 20
1694345837883 167.71421814366968 21
1694345838021 167.68077859221248 22
1694345838183 167.6473463931716 23
1694345838347 167.61392154486316 24
1694345838539 167.58050404560342 25
1694345838678 167.54709389370913 26
1694345838810 167.51369108749748 27
1694345838963 167.48029562528592 28
1694345839140 167.4469075053925 29
