1694341254083 0.596460886175692 0
1694341254238 0.5351485064777498 1
1694341254588 0.4854598045743075 2
1694341254833 0.44518875742958547 3
1694341255019 0.4125482801092002 4
1694341255187 0.38609063739304195 5
1694341255398 0.36464297863505357 6
1694341255520 0.34725512178553697 7
1694341255658 0.33315725874368707 8
1694341255764 0.3217256966319247 9
1694341255878 0.3124551079153419 10
1694341256019 0.30493605251363026 11
1694341256149 0.2988367701151197 12
1694341256271 0.29388843128798164 13
1694341256386 0.2898731901842441 14
1694341256512 0.2866145065257403 15
1694341256621 0.2839693057178947 16
1694341256732 0.281821627868939 17
1694341256870 0.2800774828527539 18
1694341257185 0.2786606823025775 19
1694341257366 0.2775094629572271 20
1694341257560 0.27657375104267695 21
1694341257715 0.2758129459321431 22
1694341257839 0.27519412446080754 23
1694341258079 0.2746905860084103 24
1694341258310 0.27428067363958586 25
1694341258498 0.27394681888465267 26
1694341258633 0.2736747677006321 27
1694341258771 0.27345295321744795 28
1694341258890 0.27327198740706965 29
