1694346306882 125.12841780299524 0
1694346307146 123.92962384459926 1
1694346307627 122.74556377208269 2
1694346308010 121.57420000968129 3
1694346308326 120.41540194949751 4
1694346308492 119.26902819454267 5
1694346308647 118.13493905966672 6
1694346308805 117.01299647261506 7
1694346308977 115.90306395562436 8
1694346309155 114.80500660673535 9
1694346309329 113.71869108132941 10
1694346309514 112.6439855738835 11
1694346309690 111.58075979993997 12
1694346309879 110.52888497828968 13
1694346310192 109.48823381336523 14
1694346310437 108.45868047784211 15
1694346310596 107.44010059544519 16
1694346310866 106.43237122395828 17
1694346311214 105.43537083843407 18
1694346311467 104.4489793146023 19
1694346311650 103.47307791247384 20
1694346311825 102.50754926013818 21
1694346312001 101.55227733775206 22
1694346312170 100.60714746171715 23
1694346312351 99.67204626904446 24
1694346312526 98.74686170190307 25
1694346312712 97.8314829923513 26
1694346312903 96.92580064724794 27
1694346313058 96.0297064333416 28
1694346313274 95.1430933625358 29
