1694337699944 169.089027582395 0
1694337700000 1647.0555026711213 1
1694337700070 6368726.376541843 2
1694337700114 26162510031.386646 3
1694337700156 107476031761079.38 4
1694337700196 4.415133493956736e+17 5
1694337700245 1.8137442786130256e+21 6
1694337700299 7.450892057293985e+24 7
1694337700342 3.060839011544646e+28 8
1694337700386 1.2573978233146123e+32 9
1694337700428 5.165411444747813e+35 10
1694337700478 2.1219597249816223e+39 11
1694337700532 8.717046304263786e+42 12
1694337700574 3.5809773096111515e+46 13
1694337700615 1.4710715125692937e+50 14
1694337700655 6.043186560508847e+53 15
1694337700699 2.4825512215467062e+57 16
1694337700744 1.0198362247952984e+61 17
1694337700798 4.189504395227479e+64 18
1694337700852 1.721055464680456e+68 19
1694337700914 7.070124847895367e+71 20
1694337700972 2.904419200348563e+75 21
1694337701027 1.1931403013151225e+79 22
1694337701085 4.901440461664403e+82 23
1694337701145 2.0135200003520717e+86 24
1694337701209 8.271574088326434e+89 25
1694337701268 3.397976572704021e+93 26
1694337701332 1.395894501500081e+97 27
1694337701499 5.7343581323386365e+100 28
1694337701576 2.3556839828927675e+104 29
