1694343368699 169.089027582395 0
1694343368842 169.05528993595618 1
1694343368989 169.02183134860758 2
1694343369151 168.98837838741406 3
1694343369358 168.95493083298732 4
1694343369642 168.9214922316419 5
1694343369950 168.8880592505778 6
1694343370190 168.85463396662905 7
1694343370411 168.82121429928304 8
1694343370605 168.78780003328907 9
1694343370770 168.75439471540741 10
1694343370917 168.72099500826084 11
1694343371068 168.6876029944916 12
1694343371194 168.65421533611905 13
1694343371321 168.62083557722335 14
1694343371468 168.58746350960493 15
1694343371601 168.5540970431856 16
1694343371753 168.52073826640884 17
1694343371884 168.48738383672276 18
1694343372073 168.45403729865603 19
1694343372401 168.42069844813378 20
1694343372645 168.3873662377763 21
1694343372823 168.35403961678074 22
1694343373017 168.3207183826353 23
1694343373298 168.2874050322602 24
1694343373530 168.25409936569983 25
1694343373675 168.22080033268068 26
1694343373805 168.18750457966345 27
1694343373954 168.15421880756466 28
1694343374093 168.1209396650362 29
