1694343012546 167.41468330566724 0
1694343012753 167.3576463152745 1
1694343012936 167.3001959681508 2
1694343013202 167.24291482340564 3
1694343013379 167.18578187617896 4
1694343013548 167.12879146032708 5
1694343013688 167.07193781520317 6
1694343013836 167.0152155017682 7
1694343013989 166.9586193735738 8
1694343014156 166.9021445612514 9
1694343014328 166.8457864575035 10
1694343014520 166.78954070291715 11
1694343014656 166.73340317254554 12
1694343014966 166.67736996321545 13
1694343015222 166.62143738152227 14
1694343015448 166.5656019324748 15
1694343015656 166.50986030875484 16
1694343015923 166.45420938055815 17
1694343016162 166.39864618598557 18
1694343016392 166.34316792195418 19
1694343016615 166.28777193560052 20
1694343016766 166.2324557161494 21
1694343016985 166.17721688722258 22
1694343017167 166.12205319956436 23
1694343017342 166.06696252416043 24
1694343017491 166.01194284572952 25
1694343017657 165.95699225656747 26
1694343017793 165.90210895072445 27
1694343017948 165.84729121849742 28
1694343018104 165.79253744122082 29
