1694345515098 92.48635871442444 0
1694345515271 91.57004176699624 1
1694345515436 90.66316978332654 2
1694345515612 89.76530879585438 3
1694345515949 88.87637216341538 4
1694345516406 87.99627110852393 5
1694345516645 87.12491775934997 6
1694345516904 86.26222511838078 7
1694345517202 85.40810705386875 8
1694345517455 84.56247829120773 9
1694345517621 83.72525440439618 10
1694345517767 82.89635180758572 11
1694345517921 82.07568774671377 12
1694345518111 81.26318029121967 13
1694345518261 80.45874832584333 14
1694345518418 79.66231154250568 15
1694345518576 78.87379043227013 16
1694345518739 78.093106277384 17
1694345518955 77.32018114339954 18
1694345519112 76.5549378713732 19
1694345519290 75.79730007014282 20
1694345519423 75.047192108682 21
1694345519730 74.30453910853012 22
1694345520054 73.56926693629859 23
1694345520301 72.84130219625106 24
1694345520495 72.12057222295805 25
1694345520785 71.40700507402474 26
1694345521048 70.70052952289106 27
1694345521222 70.00107505170372 28
1694345521397 69.30857184425918 29
