1694343547833 169.44591609961327 0
1694343548005 166.0548260542753 1
1694343548151 162.7823849839675 2
1694343548281 159.57700474221994 3
1694343548421 156.43513724086077 4
1694343548609 153.35552116027895 5
1694343548753 150.33692026161626 6
1694343548926 147.37812288765338 7
1694343549130 144.4779414736341 8
1694343549444 141.6352120678299 9
1694343549709 138.84903067631336 10
1694343549873 136.11804674767745 11
1694343550028 133.44116404421084 12
1694343550174 130.8173081304337 13
1694343550336 128.2451690469273 14
1694343550472 125.72422202071411 15
1694343550620 123.25320531128912 16
1694343550753 120.83112742698457 17
1694343550914 118.45701659340335 18
1694343551086 116.12992036094205 19
1694343551241 113.8486283336597 20
1694343551424 111.61255609287672 21
1694343551610 109.42096228765806 22
1694343551881 107.27275972559515 23
1694343552115 105.16708693534422 24
1694343552304 103.10286301229105 25
1694343552494 101.07943339008588 26
1694343552680 99.09633818977127 27
1694343552943 97.1524955091784 28
1694343553178 95.24712615773525 29
