1694340970346 169.08902758239503 0
1694340970420 137.0359812026933 1
1694340970510 111.29267789768672 2
1694340970593 90.41574563191668 3
1694340970670 73.48348777721662 4
1694340970742 59.75256173524359 5
1694340970825 48.61420152071847 6
1694340970898 39.57734967364589 7
1694340970980 32.24412600784008 8
1694340971076 26.29212789610232 9
1694340971178 21.46009541495502 10
1694340971278 17.536301217766965 11
1694340971385 14.34914687182829 12
1694340971480 11.759546041333824 13
1694340971697 9.654754753319132 14
1694340971855 7.943373630460333 15
1694340972034 6.551299312323502 16
1694340972185 5.418444660898749 17
1694340972297 4.496081655328556 18
1694340972384 3.7446886608675567 19
1694340972469 3.13220625162777 20
1694340972579 2.63262398192451 21
1694340972704 2.224835251634459 22
1694340972814 1.8917093563162628 23
1694340972923 1.619339486740637 24
1694340973027 1.3964332770971715 25
1694340973136 1.213818846376458 26
1694340973227 1.0640444165573313 27
1694340973325 0.9410537536331492 28
1694340973412 0.8399230489163783 29
