1694342470284 165.78575673357057 0
1694342470452 165.67674889993853 1
1694342470582 165.56794408450799 2
1694342470718 165.4593356360288 3
1694342470860 165.35091760879143 4
1694342470970 165.242684685213 5
1694342471104 165.13463210692237 6
1694342471231 165.02675561340993 7
1694342471362 164.9190513874127 8
1694342471586 164.81151600629505 9
1694342471861 164.70414639876665 10
1694342472067 164.59693980635174 11
1694342472288 164.4898937490885 12
1694342472457 164.38300599499362 13
1694342472622 164.2762745328791 14
1694342472869 164.16969754815338 15
1694342473078 164.06327340127837 16
1694342473279 163.95700060859195 17
1694342473434 163.85087782523564 18
1694342473570 163.74490382995586 19
1694342473705 163.63907751157453 20
1694342473866 163.53339785694402 21
1694342474046 163.42786394022497 22
1694342474187 163.32247491334067 23
1694342474332 163.21722999747956 24
1694342474468 163.11212847553054 25
1694342474632 163.00716968534826 26
1694342474784 162.90235301375844 27
1694342474905 162.79767789122027 28
1694342475038 162.69314378707568 29
