1694339274098 0.7133417634957977 0
1694339274338 0.673093534890213 1
1694339274482 0.6361976886361985 2
1694339274639 0.6027432227167218 3
1694339274800 0.5723910343257179 4
1694339275063 0.5448541555040683 5
1694339275297 0.5198712435922365 6
1694339275510 0.4972052741689823 7
1694339275640 0.476641228570755 8
1694339275753 0.4579840523664757 9
1694339275882 0.44105680078993814 10
1694339275982 0.4256989566505903 11
1694339276076 0.41176490454460085 12
1694339276162 0.399122546841634 13
1694339276257 0.38765204826686916 14
1694339276353 0.3772446971241812 15
1694339276455 0.3678018723182978 16
1694339276559 0.3592341063421131 17
1694339276657 0.35146023530991166 18
1694339276752 0.3444066279466386 19
1694339276835 0.3380064861956361 20
1694339276937 0.3321992107894921 21
1694339277036 0.3269298257474185 22
1694339277165 0.32214845632379996 23
1694339277269 0.3178098554415363 24
1694339277374 0.3138729741054671 25
1694339277576 0.3103005717098919 26
1694339277737 0.3070588625339561 27
1694339277904 0.30411719506315665 28
1694339278036 0.30144776108762267 29
