1694342907616 153.33746446803985 0
1694342907754 152.8757110596804 1
1694342907893 152.4200152139811 2
1694342908018 151.96722248486248 3
1694342908198 151.5173246232602 4
1694342908349 151.07029783960775 5
1694342908535 150.62612009194785 6
1694342908693 150.18476914661846 7
1694342909132 149.74622308882186 8
1694342909342 149.31046016353073 9
1694342909551 148.87745881067792 10
1694342909792 148.44719764845973 11
1694342909995 148.01965547313526 12
1694342910154 147.5948112553227 13
1694342910275 147.1726441380149 14
1694342910402 146.7531334345724 15
1694342910543 146.3362586270187 16
1694342910668 145.92199936444163 17
1694342910812 145.5103354614892 18
1694342910972 145.10124689692347 19
1694342911114 144.69471381221564 20
1694342911282 144.290716510171 21
1694342911422 143.8892354535774 22
1694342911543 143.49025126387147 23
1694342911662 143.0937447198209 24
1694342911796 142.69969675622045 25
1694342911936 142.30808846260024 26
1694342912057 141.9189010819464 27
1694342912181 141.53211600943268 28
1694342912316 141.14771479116317 29
