1694343156505 154.02808756870485 0
1694343156675 153.5623660250912 1
1694343156812 153.10256194254993 2
1694343156969 152.6456907463633 3
1694343157128 152.19174683428574 4
1694343157262 151.7407048880022 5
1694343157430 151.29254283865072 6
1694343157596 150.84723805820983 7
1694343157753 150.40476837529965 8
1694343157889 149.9651117612918 9
1694343158022 149.52824640195547 10
1694343158175 149.09415066594582 11
1694343158488 148.66280310595144 12
1694343158736 148.23418245282525 13
1694343158903 147.80826761308438 14
1694343159038 147.38503766633525 15
1694343159265 146.9644718632734 16
1694343159485 146.5465496238753 17
1694343159705 146.13125053576255 18
1694343159880 145.7185543526654 19
1694343160029 145.30844099295606 20
1694343160165 144.9008905382296 21
1694343160298 144.49588323191833 22
1694343160425 144.09339947793197 23
1694343160565 143.69341983931744 24
1694343160704 143.29592503693553 25
1694343160848 142.90089594815169 26
1694343160983 142.50831360554017 27
1694343161121 142.11815919559996 28
1694343161241 141.7304140574825 29
