1694344528396 169.08902758239503 0
1694344528605 169.0552899359562 1
1694344528772 169.02155903398832 2
1694344528946 168.98783487514297 3
1694344529142 168.95411745807175 4
1694344529341 168.9204067814267 5
1694344529489 168.88670284385995 6
1694344529782 168.85300564402417 7
1694344530032 168.8193151805721 8
1694344530359 168.7856314521567 9
1694344530498 168.75195445743142 10
1694344530657 168.7182841950498 11
1694344530805 168.6846206636657 12
1694344530966 168.65096386193323 13
1694344531114 168.61731378850683 14
1694344531261 168.58367044204115 15
1694344531403 168.55003382119114 16
1694344531541 168.516403924612 17
1694344531689 168.48278075095925 18
1694344531836 168.44916429888855 19
1694344532028 168.415554567056 20
1694344532306 168.38195155411785 21
1694344532522 168.3483552587306 22
1694344532754 168.3147656795512 23
1694344532949 168.28118281523663 24
1694344533161 168.24760666444428 25
1694344533413 168.2140372258318 26
1694344533659 168.18047449805704 27
1694344533846 168.1469184797782 28
1694344534007 168.1133691696537 29
