1694343586459 159.9853177091447 0
1694343586751 159.66886544094018 1
1694343587023 159.35304299642038 2
1694343587242 159.0378491192772 3
1694343587624 158.72328255571134 4
1694343587866 158.40934205442744 5
1694343588123 158.09602636662902 6
1694343588410 157.78333424601345 7
1694343588822 157.47126444876707 8
1694343589062 157.15981573356015 9
1694343589299 156.8489868615419 10
1694343589492 156.5387765963356 11
1694343589723 156.22918370403352 12
1694343589981 155.92020695319218 13
1694343590229 155.6118451148272 14
1694343590478 155.30409696240866 15
1694343590731 154.9969612718559 16
1694343591004 154.6904368215328 17
1694343591261 154.3845223922429 18
1694343591480 154.07921676722447 19
1694343591716 153.7745187321456 20
1694343591999 153.4704270750995 21
1694343592403 153.16694058659948 22
1694343592691 152.86405805957423 23
1694343592962 152.5617782893629 24
1694343593275 152.2601000737104 25
1694343593558 151.95902221276256 26
1694343593802 151.65854350906122 27
1694343593990 151.35866276753953 28
1694343594249 151.05937879551723 29
