1694337703532 5.992607073382891e+211 0
1694337703582 3.90390159529313e+213 1
1694337703633 2.5434122038347375e+215 2
1694337703689 1.6570476293044739e+217 3
1694337703756 1.0795760387805142e+219 4
1694337703821 7.033499840525419e+220 5
1694337703886 4.5823655055020546e+222 6
1694337703941 2.985437421215176e+224 7
1694337704032 1.9450296108615167e+226 8
1694337704211 1.2671979523818785e+228 9
1694337704338 8.255867373708333e+229 10
1694337704438 5.378744967520386e+231 11
1694337704534 3.504283210478839e+233 12
1694337704606 2.2830606197908126e+235 13
1694337704667 1.4874270943778462e+237 14
1694337704726 9.690672870929044e+238 15
1694337704786 6.313528982113907e+240 16
1694337704847 4.113300359933693e+242 17
1694337705032 2.6798387873030195e+244 18
1694337705121 1.745930347291615e+246 19
1694337705232 1.1374836397011676e+248 20
1694337705311 7.410771183369048e+249 21
1694337705383 4.828159950210922e+251 22
1694337705432 3.1455739123526926e+253 23
1694337705487 2.0493594537276117e+255 24
1694337705540 1.3351694436712496e+257 25
1694337705604 8.698705539776627e+258 26
1694337705649 5.667256573793491e+260 27
1694337705692 3.692250177493666e+262 28
1694337705739 2.4055221773869e+264 29
