1694342278169 121.35809832256317 0
1694342278377 120.72507490591616 1
1694342278491 120.11238251575767 2
1694342278594 119.51743191039284 3
1694342278711 118.93806947938315 4
1694342278836 118.37250198157764 5
1694342278951 117.81923431580262 6
1694342279056 117.27701806696629 7
1694342279166 116.74480896129401 8
1694342279279 116.22173168765411 9
1694342279396 115.70705080919221 10
1694342279497 115.20014671045914 11
1694342279628 114.70049570791429 12
1694342279738 114.20765360273822 13
1694342279989 113.72124207977753 14
1694342280180 113.24093745970497 15
1694342280364 112.76646139685052 16
1694342280507 112.29757318574653 17
1694342280661 111.8340633977915 18
1694342280909 111.37574861768945 19
1694342281119 110.92246708921743 20
1694342281297 110.47407511285948 21
1694342281427 110.03044406511647 22
1694342281550 109.59145793185176 23
1694342281679 109.15701126667362 24
1694342281815 108.72700750077132 25
1694342281951 108.3013575433651 26
1694342282081 107.8799786224678 27
1694342282209 107.46279332436737 28
1694342282333 107.04972879744348 29
