1694345774390 169.08902758239503 0
1694345774538 165.73195717333064 1
1694345774670 162.4482792272323 2
1694345774812 159.23632318611757 3
1694345774995 156.09445738466366 4
1694345775186 153.02108813373962 5
1694345775372 150.01465882567234 6
1694345775639 147.0736490607294 7
1694345775908 144.19657379431263 8
1694345776147 141.38198250437165 9
1694345776340 138.62845837855426 10
1694345776502 135.93461752062532 11
1694345776665 133.29910817569566 12
1694345776837 130.72060997381323 13
1694345777001 128.1978331914796 14
1694345777188 125.72951803066591 15
1694345777341 123.31443391491177 16
1694345777471 120.95137880210063 17
1694345777637 118.63917851351545 18
1694345777816 116.37668607878707 19
1694345777959 114.16278109635772 20
1694345778238 111.99636910909038 21
1694345778514 109.87638099466419 22
1694345778746 107.8017723704041 23
1694345778998 105.77152301220174 24
1694345779295 103.78463628719248 25
1694345779526 101.84013859986156 26
1694345779693 99.93707885126014 27
1694345779855 98.07452791101986 28
1694345780017 96.2515781018612 29
