1694344800193 150.54081243644544 0
1694344800447 150.2401457941944 1
1694344800667 149.9400811251222 2
1694344800879 149.64061722327415 3
1694344801190 149.34175288511335 4
1694344801519 149.04348690951556 5
1694344801857 148.7458180977646 6
1694344802117 148.44874525354714 7
1694344802303 148.15226718294838 8
1694344802473 147.8563826944468 9
1694344802632 147.5610905989096 10
1694344802766 147.2663897095879 11
1694344802910 146.97227884211182 12
1694344803071 146.67875681448584 13
1694344803218 146.38582244708397 14
1694344803354 146.0934745626449 15
1694344803499 145.80171198626766 16
1694344803825 145.51053354540622 17
1694344804158 145.2199380698654 18
1694344804518 144.9299243917958 19
1694344804826 144.64049134568916 20
1694344805141 144.35163776837368 21
1694344805356 144.06336249900946 22
1694344805571 143.77566437908348 23
1694344805774 143.48854225240535 24
1694344805994 143.20199496510233 25
1694344806162 142.9160213656148 26
1694344806335 142.6306203046917 27
1694344806485 142.34579063538573 28
1694344806639 142.0615312130489 29
