1694343919072 168.77944649813782 0
1694343919301 168.74601384877906 1
1694343919538 168.7125878588742 2
1694343919807 168.67916852709382 3
1694343920270 168.64575585210886 4
1694343920527 168.61234983259052 5
1694343920782 168.57895046721038 6
1694343921176 168.54555775464004 7
1694343921525 168.5121716935516 8
1694343921886 168.4787922826173 9
1694343922294 168.44541952050963 10
1694343922548 168.4120534059015 11
1694343922813 168.3786939374658 12
1694343923063 168.3453411138761 13
1694343923342 168.31199493380586 14
1694343923694 168.27865539592895 15
1694343923960 168.2453224989195 16
1694343924196 168.21199624145194 17
1694343924466 168.17867662220087 18
1694343924752 168.1453636398412 19
1694343925015 168.11205729304822 20
1694343925192 168.07875758049732 21
1694343925606 168.04546450086417 22
1694343925792 168.01217805282485 23
1694343926026 167.97889823505554 24
1694343926365 167.9456250462328 25
1694343926803 167.91235848503334 26
1694343927162 167.87909855013422 27
1694343927453 167.8458452402128 28
1694343927699 167.81259855394657 29
