1694342934348 167.41468330566724 0
1694342934606 167.3576463152745 1
1694342934796 167.3001959681508 2
1694342934953 167.24291482340564 3
1694342935109 167.185781876179 4
1694342935225 167.12879146032702 5
1694342935527 167.07193781520317 6
1694342935679 167.0152155017682 7
1694342935793 166.9586193735738 8
1694342935921 166.9021445612514 9
1694342936058 166.8457864575035 10
1694342936182 166.78954070291715 11
1694342936288 166.73340317254554 12
1694342936415 166.67736996321545 13
1694342936579 166.62143738152227 14
1694342936748 166.5656019324748 15
1694342936884 166.5098603087548 16
1694342936988 166.45420938055818 17
1694342937281 166.39864618598557 18
1694342937481 166.34316792195418 19
1694342937661 166.28777193560052 20
1694342937824 166.2324557161494 21
1694342937965 166.17721688722258 22
1694342938215 166.12205319956436 23
1694342938406 166.06696252416046 24
1694342938549 166.01194284572952 25
1694342938726 165.95699225656747 26
1694342938880 165.90210895072445 27
1694342938997 165.84729121849745 28
1694342939099 165.79253744122082 29
