1694345801823 169.08902758239503 0
1694345802007 168.75180288377763 1
1694345802405 168.41531936932148 2
1694345802633 168.07957534242044 3
1694345802838 167.74456911044095 4
1694345802995 167.41029898471226 5
1694345803146 167.0767632805172 6
1694345803306 166.7439603170829 7
1694345803470 166.4118884175712 8
1694345803620 166.08054590906946 9
1694345803766 165.74993112258133 10
1694345803919 165.42004239301733 11
1694345804073 165.0908780591857 12
1694345804252 164.7624364637832 13
1694345804425 164.43471595338556 14
1694345804592 164.1077148784389 15
1694345804764 163.78143159324995 16
1694345805102 163.4558644559773 17
1694345805339 163.13101182862198 18
1694345805633 162.8068720770188 19
1694345805867 162.48344357082664 20
1694345806103 162.16072468352 21
1694345806258 161.83871379237954 22
1694345806417 161.51740927848326 23
1694345806603 161.19680952669754 24
1694345806765 160.8769129256679 25
1694345806976 160.55771786781042 26
1694345807131 160.2392227493025 27
1694345807284 159.9214259700742 28
1694345807438 159.60432593379903 29
