1694346273514 168.9055090705015 0
1694346273677 168.8886370233594 1
1694346273834 168.87178871444496 2
1694346274255 168.85494225685989 3
1694346274583 168.83809765183398 4
1694346275149 168.82125489915495 5
1694346275418 168.80441399861064 6
1694346275580 168.78757494998888 7
1694346275733 168.77073775307753 8
1694346275918 168.75390240766455 9
1694346276084 168.73706891353783 10
1694346276261 168.7202372704853 11
1694346276421 168.70340747829508 12
1694346276561 168.68657953675503 13
1694346276749 168.66975344565324 14
1694346276917 168.65292920477776 15
1694346277106 168.63610681391663 16
1694346277296 168.61928627285803 17
1694346277456 168.60246758139007 18
1694346277791 168.58565073930086 19
1694346278112 168.5688357463786 20
1694346278421 168.5520226024115 21
1694346278824 168.53521130718784 22
1694346279045 168.51840186049571 23
1694346279234 168.50159426212358 24
1694346279413 168.48478851185973 25
1694346279587 168.46798460949236 26
1694346279852 168.45118255480992 27
1694346280084 168.43438234760075 28
1694346280305 168.41758398765327 29
