1694342594279 4.131027587622509e+83 0
1694342594439 3.5927957562428106e+81 1
1694342594563 6.174444002285101e+79 2
1694342594678 3.0110467418134095e+79 3
1694342594824 2.873302201792183e+79 4
1694342594943 2.769911834058052e+79 5
1694342595218 2.6741611516138214e+79 6
1694342595459 2.585012644068931e+79 7
1694342595659 2.5017564021483234e+79 8
1694342595845 2.423776562548275e+79 9
1694342596001 2.3505364359876935e+79 10
1694342596284 2.2815673939312862e+79 11
1694342596533 2.2164593846574415e+79 12
1694342596712 2.1548528246386235e+79 13
1694342596851 2.0964316623630162e+79 14
1694342596977 2.040917441954154e+79 15
1694342597109 1.9880642195593154e+79 16
1694342597252 1.9376542072787904e+79 17
1694342597399 1.889494037965923e+79 18
1694342597555 1.843411560025163e+79 19
1694342597692 1.799253084783654e+79 20
1694342597824 1.7568810204608327e+79 21
1694342597946 1.7161718365080838e+79 22
1694342598075 1.677014310389873e+79 23
1694342598216 1.63930801594476e+79 24
1694342598357 1.6029620184825814e+79 25
1694342598510 1.567893746899199e+79 26
1694342598650 1.534028017455248e+79 27
1694342598959 1.501296187583502e+79 28
1694342599216 1.4696354212569158e+79 29
