1694345148206 169.089027582395 0
1694345148379 168.75180288377763 1
1694345148543 168.58365375759584 2
1694345148696 168.41558827235988 3
1694345148848 168.2476907009215 4
1694345149005 168.07996083335604 5
1694345149289 167.91239850213933 6
1694345149525 167.74500353989387 7
1694345149827 167.57777577940908 8
1694345150111 167.41071505364175 9
1694345150362 167.24382119571547 10
1694345150558 167.0770940389205 11
1694345150854 166.91053341671392 12
1694345151101 166.744139162719 13
1694345151338 166.57791111072538 14
1694345151524 166.41184909468882 15
1694345151701 166.24595294873095 16
1694345151864 166.08022250713913 17
1694345152021 165.91465760436637 18
1694345152205 165.74925807503115 19
1694345152365 165.58402375391708 20
1694345152533 165.418954475973 21
1694345152695 165.25405007631258 22
1694345152871 165.08931039021437 23
1694345153058 164.92473525312136 24
1694345153215 164.76032450064113 25
1694345153412 164.59607796854544 26
1694345153688 164.43199549277028 27
1694345153941 164.2680769094154 28
1694345154155 164.10432205474456 29
