1694340994854 0.3338314917866025 0
1694340994929 0.33283792703145026 1
1694340995007 0.3319475025071605 2
1694340995102 0.33114882966115217 3
1694340995204 0.33043190282731416 4
1694340995305 0.32978791106023897 5
1694340995416 0.329209078565465 6
1694340995502 0.32868852896656914 7
1694340995592 0.32822016949775384 8
1694340995668 0.3277985918994781 9
1694340995746 0.3274189873557146 10
1694340995817 0.3270770732692921 11
1694340995911 0.3267690300463267 12
1694340995984 0.3264914463677719 13
1694340996117 0.32624127167834316 14
1694340996199 0.3260157748307743 15
1694340996296 0.3258125079947274 16
1694340996506 0.32562927508143197 17
1694340996644 0.3254641040526154 18
1694340996803 0.3253152225799101 19
1694340996891 0.32518103660221254 20
1694340996976 0.32506011139633517 21
1694340997070 0.3249511548330755 22
1694340997270 0.3248530025384558 23
1694340997420 0.32476460471994556 24
1694340997567 0.3246850144512384 25
1694340997702 0.32461337723770195 26
1694340997788 0.324548921708795 27
1694340997877 0.3244909513042955 28
1694340997964 0.32443883683868685 29
