1694341126610 0.9044323767283993 0
1694341126779 0.8577215294792173 1
1694341126938 0.8148407410024572 2
1694341127102 0.7756432846236455 3
1694341127247 0.7397909681750157 4
1694341127357 0.706987400824656 5
1694341127463 0.6769624639021317 6
1694341127680 0.6494705573719586 7
1694341127963 0.6242883122608783 8
1694341128116 0.6012125539950757 9
1694341128208 0.5800584516127157 10
1694341128304 0.560657837969954 11
1694341128391 0.5428576849555593 12
1694341128469 0.5265187193545261 13
1694341128561 0.5115141663278095 14
1694341128646 0.49772860868677177 15
1694341128748 0.485056951239093 16
1694341128847 0.4734034804788928 17
1694341128946 0.46268101079704455 18
1694341129054 0.45281010920690096 19
1694341129178 0.44371839132364393 20
1694341129291 0.43533988200932705 21
1694341129383 0.4276144347069118 22
1694341129462 0.4204872040409422 23
1694341129547 0.4139081667653613 24
1694341129651 0.40783168659503244 25
1694341129769 0.4022161188712616 26
1694341129865 0.39702345138685924 27
1694341129972 0.39221897803669903 28
1694341130081 0.38777100226850725 29
