1694341024194 169.44460151179956 0
1694341024318 137.07950208135608 1
1694341024445 111.32804447492457 2
1694341024577 90.4416550150203 3
1694341024730 73.50685321223696 4
1694341024860 59.77167756054048 5
1694341024985 48.629857039878516 6
1694341025117 39.590186823424375 7
1694341025240 32.25466680977447 8
1694341025364 26.30079683288455 9
1694341025505 21.467237657383865 10
1694341025726 17.542197462874935 11
1694341025880 14.354025415985056 12
1694341026035 11.763592599183148 13
1694341026156 9.65812044036825 14
1694341026271 7.946181450657719 15
1694341026381 6.553649429198206 16
1694341026488 5.420418679411499 17
1694341026588 4.497746099510169 18
1694341026668 3.7460977979354557 19
1694341026756 3.133404385201417 20
1694341026854 2.633647314066607 21
1694341026930 2.2257133947878716 22
1694341027031 1.8924665610136533 23
1694341027153 1.6199956385995684 24
1694341027232 1.3970047065567297 25
1694341027335 1.2143189864559634 26
1694341027421 1.0644843372740933 27
1694341027511 0.9414425963196633 28
1694341027602 0.8402683792951956 29
