1694343778922 168.7800319903529 0
1694343779190 168.74659919046718 1
1694343779419 168.71317305007304 2
1694343779653 168.6797535678412 3
1694343780104 168.6463407424426 4
1694343780364 168.6129345725484 5
1694343780588 168.57953505683005 6
1694343780984 168.54614219395935 7
1694343781272 168.51275598260827 8
1694343781579 168.47937642144905 9
1694343781816 168.44600350915422 10
1694343782192 168.4126372443966 11
1694343782457 168.3792776258492 12
1694343782738 168.34592465218537 13
1694343782979 168.31257832207876 14
1694343783193 168.2792386342031 15
1694343783423 168.2459055872326 16
1694343783692 168.21257917984164 17
1694343783927 168.17925941070484 18
1694343784143 168.14594627849712 19
1694343784466 168.11263978189365 20
1694343784839 168.0793399195699 21
1694343785149 168.04604669020154 22
1694343785399 168.01276009246453 23
1694343785614 167.97948012503522 24
1694343785901 167.94620678658998 25
1694343786145 167.9129400758056 26
1694343786373 167.8796799913592 27
1694343786577 167.846426531928 28
1694343786859 167.8131796961896 29
