1694340799581 2.0447556161852953e+108 0
1694340799689 6.29501164639202e+111 1
1694340799803 1.9379909402697874e+115 2
1694340799893 5.966325553789535e+118 3
1694340799986 1.8368011879790785e+122 4
1694340800077 5.654801391148463e+125 5
1694340800165 1.7408949309596472e+129 6
1694340800245 5.359543069691228e+132 7
1694340800338 1.6499962981706796e+136 8
1694340800550 5.079701289038807e+139 9
1694340800717 1.5638438228298009e+143 10
1694340800868 4.814471093960111e+146 11
1694340801002 1.4821896903128343e+150 12
1694340801130 4.563089558945959e+153 13
1694340801256 1.404799025323608e+157 14
1694340801470 4.3248335936803644e+160 15
1694340801633 1.331449216283268e+164 16
1694340801756 4.099017863095953e+167 17
1694340801852 1.2619292749957296e+171 18
1694340801939 3.8849928160314736e+174 19
1694340802030 1.1960392297474223e+178 20
1694340802120 3.682142816820108e+181 21
1694340802206 1.133589550095538e+185 22
1694340802287 3.48988437443486e+188 23
1694340802430 1.0744006016902832e+192 24
1694340802548 3.3076644640966594e+195 25
1694340802662 1.0183021295628251e+199 26
1694340802742 3.134958936517658e+202 27
1694340802842 9.651327683927439e+205 28
1694340802945 2.9712710102038614e+209 29
