1694346115206 125.12841780299524 0
1694346115565 123.92962384459925 1
1694346115910 122.74556377208265 2
1694346116137 121.57420000968128 3
1694346116547 120.41540194949748 4
1694346116768 119.26902819454266 5
1694346117053 118.13493905966669 6
1694346117255 117.01299647261506 7
1694346117404 115.90306395562435 8
1694346117532 114.80500660673532 9
1694346117670 113.7186910813294 10
1694346117897 112.64398557388347 11
1694346118081 111.58075979993995 12
1694346118275 110.52888497828967 13
1694346118448 109.48823381336523 14
1694346118615 108.45868047784211 15
1694346118829 107.44010059544519 16
1694346119188 106.43237122395828 17
1694346119433 105.43537083843405 18
1694346119658 104.44897931460228 19
1694346120038 103.47307791247384 20
1694346120342 102.50754926013818 21
1694346120537 101.55227733775206 22
1694346120691 100.60714746171715 23
1694346120869 99.67204626904446 24
1694346121030 98.74686170190307 25
1694346121241 97.8314829923513 26
1694346121419 96.92580064724794 27
1694346121583 96.0297064333416 28
1694346121738 95.1430933625358 29
