1694346368640 169.08902758239503 0
1694346368830 169.05528993595618 1
1694346369039 169.03842642420392 2
1694346369249 169.02156375470474 3
1694346369692 169.00470293928848 4
1694346370020 168.98784397768216 5
1694346370341 168.97098686967342 6
1694346370586 168.95413161505007 7
1694346370829 168.93727821359982 8
1694346371045 168.9204266651105 9
1694346371341 168.90357696936996 10
1694346371574 168.88672912616602 11
1694346371790 168.86988313528644 12
1694346372006 168.85303899651925 13
1694346372426 168.83619670965223 14
1694346372764 168.8193562744735 15
1694346373108 168.80251769077086 16
1694346373392 168.78568095833236 17
1694346373704 168.76884607694606 18
1694346373964 168.75201304639992 19
1694346374175 168.73518186648207 20
1694346374430 168.71835253698052 21
1694346374616 168.70152505768348 22
1694346374815 168.68469942837902 23
1694346375009 168.66787564885533 24
1694346375215 168.65105371890058 25
1694346375411 168.63423363830302 26
1694346375592 168.61741540685088 27
1694346375992 168.60059902433235 28
1694346376311 168.5837844905358 29
