1694338819598 0.3338314917866025 0
1694338819678 0.33283792703145026 1
1694338819742 0.33194750250716043 2
1694338819814 0.33114882966115217 3
1694338819884 0.33043190282731416 4
1694338819962 0.32978791106023897 5
1694338820046 0.329209078565465 6
1694338820115 0.32868852896656914 7
1694338820180 0.32822016949775384 8
1694338820255 0.32779859189947813 9
1694338820342 0.3274189873557146 10
1694338820432 0.32707707326929203 11
1694338820526 0.3267690300463266 12
1694338820621 0.3264914463677718 13
1694338820729 0.32624127167834316 14
1694338820846 0.3260157748307743 15
1694338820931 0.3258125079947274 16
1694338821052 0.3256292750814319 17
1694338821130 0.32546410405261544 18
1694338821212 0.32531522257990997 19
1694338821296 0.3251810366022125 20
1694338821374 0.32506011139633517 21
1694338821511 0.32495115483307546 22
1694338821719 0.32485300253845584 23
1694338821894 0.3247646047199456 24
1694338822084 0.32468501445123843 25
1694338822224 0.32461337723770195 26
1694338822332 0.32454892170879496 27
1694338822503 0.3244909513042955 28
1694338822724 0.32443883683868685 29
