1694344110255 92.82308188669742 0
1694344110378 91.91375026492689 1
1694344110497 91.01371067843768 2
1694344110624 90.12239270629449 3
1694344110910 89.2401446416554 4
1694344111120 88.36651919019718 5
1694344111269 87.50136836482868 6
1694344111427 86.64501049550368 7
1694344111681 85.79702460990853 8
1694344111889 84.95741775322543 9
1694344112116 84.12595937656315 10
1694344112306 83.3029393969312 11
1694344112474 82.48796805045308 12
1694344112638 81.68091436717958 13
1694344112795 80.88204079173357 14
1694344112953 80.09098214316406 15
1694344113095 79.30761463646343 16
1694344113231 78.53217659995761 17
1694344113391 77.76432667591479 18
1694344113533 77.00394804580301 19
1694344113682 76.25125565266696 20
1694344113825 75.50582574030886 21
1694344113988 74.76792427888107 22
1694344114313 74.03724829339804 23
1694344114527 73.31369273827627 24
1694344114804 72.59743194434836 25
1694344115165 71.88818721941126 26
1694344115373 71.1858598953364 27
1694344115597 70.49060283947325 28
1694344115725 69.80207946682309 29
