1694341323837 8.550527645078242 0
1694341323958 7.779289524599188 1
1694341324074 7.084023790075877 2
1694341324292 6.452976869316352 3
1694341324461 5.880437453982425 4
1694341324614 5.360967714254119 5
1694341324736 4.889647283020239 6
1694341324855 4.462011487705094 7
1694341325004 4.07400977638094 8
1694341325176 3.721967267357737 9
1694341325311 3.4025499031062036 10
1694341325466 3.112732835137907 11
1694341325588 2.84977174201686 12
1694341325719 2.6111768082528113 13
1694341325837 2.3946891171946363 14
1694341325964 2.198259233946777 15
1694341326094 2.0200277751157505 16
1694341326207 1.8583077810487074 17
1694341326308 1.7115687233311594 18
1694341326414 1.5784219958285155 19
1694341326506 1.4576077516336132 20
1694341326610 1.347982961053528 21
1694341326701 1.2485105773548872 22
1694341326804 1.1582497074975857 23
1694341326920 1.076346694622351 24
1694341327010 1.002027027707997 25
1694341327110 0.9345880016621317 26
1694341327212 0.8733920582286566 27
1694341327316 0.8178607445543769 28
1694341327416 0.7674692321166695 29
