1694339342422 15.95089602125201 0
1694339342499 15.155586028701856 1
1694339342595 14.43047916595712 2
1694339342697 13.762476575811693 3
1694339342792 13.146987702675883 4
1694339342894 12.579397288341474 5
1694339343012 12.055559273691673 6
1694339343138 11.571718121253477 7
1694339343361 11.124471456846946 8
1694339343571 10.710734532957503 9
1694339343721 10.32770853317626 10
1694339343860 9.972852167939156 11
1694339343973 9.643856219293673 12
1694339344117 9.338620720100563 13
1694339344374 9.055234487640007 14
1694339344531 8.791956761769148 15
1694339344664 8.547200724713198 16
1694339344783 8.319518703576088 17
1694339344894 8.10758887805386 18
1694339344992 7.910203334906965 19
1694339345081 7.726257327751221 20
1694339345160 7.554739615886887 21
1694339345258 7.3947237694020105 22
1694339345355 7.2453603398391335 23
1694339345472 7.105869806463094 24
1694339345592 6.975536217754228 25
1694339345695 6.853701456302062 26
1694339345794 6.739760062902502 27
1694339345884 6.633154562466748 28
1694339345999 6.533371240422597 29
