1694341031090 0.33386246332966846 0
1694341031178 0.3328668345610638 1
1694341031269 0.33197450161907954 2
1694341031363 0.33117406194129095 3
1694341031452 0.33045549739671015 4
1694341031555 0.32980998591786226 5
1694341031674 0.32922974175834363 6
1694341031892 0.3287078796121726 7
1694341032064 0.3282382986797544 8
1694341032193 0.32781558345479206 9
1694341032375 0.32743491856799184 10
1694341032491 0.3270920154817401 11
1694341032699 0.32678304920481693 12
1694341032865 0.32650460350354177 13
1694341033042 0.3262536233382313 14
1694341033138 0.32602737346176497 15
1694341033229 0.32582340228859596 16
1694341033302 0.3256395102844529 17
1694341033391 0.3254737222445915 18
1694341033457 0.32532426292618527 19
1694341033537 0.3251895355818256 20
1694341033624 0.32506810300904354 21
1694341033696 0.3249586707876117 22
1694341033772 0.324860072424071 23
1694341033850 0.3247712561630238 24
1694341033940 0.32469127325854513 25
1694341034056 0.32461926752763065 26
1694341034160 0.32455446603181287 27
1694341034257 0.3244961707536427 28
1694341034356 0.3244437511522612 29
