1694342624293 121.78920495296548 0
1694342624519 121.15059417403937 1
1694342624633 120.53263140587784 2
1694342624749 119.93268122901469 3
1694342624892 119.34855172475453 4
1694342625028 118.77841785213798 5
1694342625304 118.22075809327572 6
1694342625505 117.67430206898203 7
1694342625708 117.13798722466983 8
1694342625899 116.61092301555937 9
1694342626043 116.09236129234395 10
1694342626306 115.58167181342098 11
1694342626505 115.07832199579602 12
1694342626690 114.5818601705526 13
1694342626853 114.09190173592869 14
1694342626988 113.60811770616704 15
1694342627107 113.13022524122448 16
1694342627242 112.65797981428952 17
1694342627356 112.1911687334731 18
1694342627491 111.72960578316436 19
1694342627594 111.27312679115919 20
1694342627719 110.82158596125149 21
1694342627855 110.37485283874314 22
1694342627987 109.93280979928431 23
1694342628108 109.49534997043693 24
1694342628228 109.06237551104614 25
1694342628373 108.63379618648061 26
1694342628499 108.20952818852876 27
1694342628635 107.78949315760907 28
1694342628745 107.37361737228457 29
