1694337720266 169.08902758239503 0
1694337720302 137.0359812026933 1
1694337720347 111.29267789768669 2
1694337720387 90.41574563191668 3
1694337720446 73.4834877772166 4
1694337720497 59.752561735243575 5
1694337720546 48.61420152071845 6
1694337720594 39.57734967364588 7
1694337720648 32.24412600784006 8
1694337720703 26.29212789610231 9
1694337720758 21.460095414955017 10
1694337720806 17.536301217766965 11
1694337720847 14.34914687182829 12
1694337720898 11.759546041333824 13
1694337720950 9.654754753319132 14
1694337721002 7.943373630460333 15
1694337721064 6.5512993123235015 16
1694337721130 5.41844466089875 17
1694337721185 4.496081655328556 18
1694337721249 3.7446886608675567 19
1694337721312 3.1322062516277698 20
1694337721369 2.6326239819245103 21
1694337721430 2.224835251634459 22
1694337721492 1.8917093563162628 23
1694337721549 1.6193394867406365 24
1694337721609 1.3964332770971712 25
1694337721721 1.213818846376458 26
1694337721833 1.0640444165573313 27
1694337721905 0.9410537536331492 28
1694337721980 0.8399230489163783 29
