1694346014388 169.45025999895626 0
1694346014534 166.0853075267485 1
1694346014718 162.793927425927 2
1694346014882 159.57444492322426 3
1694346015049 156.425224238319 4
1694346015209 153.34466766495947 5
1694346015366 150.331214673879 6
1694346015685 147.38334103698463 7
1694346015941 144.49955797231283 8
1694346016153 141.6784113092582 9
1694346016310 138.91848067359277 10
1694346016486 136.2183786918051 11
1694346016625 133.5767502142991 12
1694346016813 130.9922715570048 13
1694346016957 128.46364976096206 14
1694346017114 125.98962186945046 15
1694346017318 123.56895422224747 16
1694346017462 121.20044176660794 17
1694346017621 118.88290738456693 18
1694346017782 116.61520123617767 19
1694346017986 114.39620011830596 20
1694346018309 112.22480683861065 21
1694346018545 110.0999496043495 22
1694346018759 108.0205814256577 23
1694346018940 105.98567953295489 24
1694346019242 103.99424480814491 25
1694346019496 102.04530122928041 26
1694346019643 100.13789532837197 27
1694346019789 98.2710956620297 28
1694346019964 96.44399229463161 29
