1694343280366 168.29497896078635 0
1694343280552 168.23467695244602 1
1694343280700 168.17341959907918 2
1694343280830 168.11252908857435 3
1694343280992 168.05195437702983 4
1694343281163 167.9916812924144 5
1694343281308 167.93169546675242 6
1694343281458 167.87198333551163 7
1694343281600 167.81253206618274 8
1694343281750 167.7533295194394 9
1694343281951 167.69436421158912 10
1694343282239 167.63562527908115 11
1694343282452 167.57710244493413 12
1694343282626 167.5187859869816 13
1694343282855 167.46066670783722 14
1694343283136 167.402735906485 15
1694343283378 167.3449853514083 16
1694343283558 167.2874072551735 17
1694343283730 167.22999425038932 18
1694343283876 167.17273936696793 19
1694343283999 167.11563601061698 20
1694343284161 167.05867794249616 21
1694343284304 167.00185925997502 22
1694343284463 166.94517437843228 23
1694343284626 166.88861801404107 24
1694343284785 166.83218516748565 25
1694343284938 166.77587110855976 26
1694343285079 166.71967136159884 27
1694343285223 166.66358169170118 28
1694343285355 166.6075980916944 29
