1694345759151 167.33396042331043 0
1694345759356 167.3005566605423 1
1694345759527 167.26716025287888 2
1694345759690 167.23377119863267 3
1694345759839 167.20038949611654 4
1694345760004 167.16701514364368 5
1694345760161 167.13364813952782 6
1694345760317 167.10028848208307 7
1694345760488 167.06693616962374 8
1694345760667 167.03359120046483 9
1694345760836 167.00025357292145 10
1694345760982 166.96692328530935 11
1694345761126 166.93360033594448 12
1694345761285 166.90028472314336 13
1694345761525 166.8669764452228 14
1694345761784 166.83367550049996 15
1694345761990 166.80038188729247 16
1694345762199 166.76709560391848 17
1694345762536 166.73381664869615 18
1694345762778 166.7005450199445 19
1694345762945 166.66728071598263 20
1694345763111 166.63402373513014 21
1694345763275 166.60077407570702 22
1694345763434 166.5675317360337 23
1694345763588 166.5342967144308 24
1694345763714 166.50106900921978 25
1694345763854 166.46784861872186 26
1694345764012 166.43463554125924 27
1694345764184 166.40142977515416 28
1694345764316 166.36823131872944 29
