1694345946067 55.422102534306546 0
1694345946234 54.48797610992252 1
1694345946410 53.57291456459291 2
1694345946585 52.67650134409692 3
1694345946751 51.79832938374677 4
1694345946925 50.938000887037084 5
1694345947068 50.095127109525045 6
1694345947247 49.269328147816395 7
1694345947526 48.46023273353611 8
1694345947823 47.66747803216468 9
1694345947985 46.89070944662479 10
1694345948142 46.12958042550488 11
1694345948424 45.383752275809584 12
1694345948716 44.65289398012927 13
1694345948901 43.9366820181236 14
1694345949058 43.234800192216426 15
1694345949208 42.54693945740211 16
1694345949345 41.87279775506521 17
1694345949483 41.21207985071845 18
1694345949641 40.56449717556556 19
1694345949817 39.92976767179828 20
1694345949947 39.30761564153865 21
1694345950066 38.69777159934009 22
1694345950199 38.099972128162555 23
1694345950347 37.51395973873943 24
1694345950529 36.93948273225554 25
1694345950663 36.376295066257455 26
1694345950798 35.82415622371964 27
1694345950934 35.28283108519125 28
1694345951280 34.75208980395063 29
