1694340817119 2.0442168978278386e+108 0
1694340817205 6.293353140941569e+111 1
1694340817292 1.937480350501582e+115 2
1694340817385 5.96475364510914e+118 3
1694340817490 1.8363172580115438e+122 4
1694340817576 5.653311557696948e+125 5
1694340817683 1.7404362687849252e+129 6
1694340817768 5.3581310260140685e+132 7
1694340817852 1.6495615844628387e+136 8
1694340817951 5.078362973441051e+139 9
1694340818045 1.5634318071498484e+143 10
1694340818163 4.81320265682308e+146 11
1694340818498 1.4817991875118756e+150 12
1694340818636 4.5618873516539905e+153 13
1694340818767 1.4044289121338093e+157 14
1694340818893 4.323694158125626e+160 15
1694340819013 1.3310984280867993e+164 16
1694340819200 4.097937921731391e+167 17
1694340819351 1.2615968027624438e+171 18
1694340819484 3.883969262442976e+174 19
1694340819588 1.1957241171324086e+178 20
1694340819661 3.681172706791109e+181 21
1694340819742 1.1332908906882284e+185 22
1694340819846 3.488964917477311e+188 23
1694340819940 1.0741175364071819e+192 24
1694340820023 3.3067930154242944e+195 25
1694340820120 1.0180338441764024e+199 26
1694340820211 3.134132989438427e+202 27
1694340820300 9.6487849118935e+205 28
1694340820376 2.9704881889094614e+209 29
