1694343073868 141.16364138734247 0
1694343074005 140.67454484294615 1
1694343074137 140.252060833066 2
1694343074279 139.83285428321645 3
1694343074458 139.41938326403493 4
1694343074585 139.01121532162927 5
1694343074714 138.60807495958258 6
1694343074845 138.20970332633047 7
1694343075386 137.81586257367022 8
1694343075623 137.42633382461585 9
1694343075889 137.04091558648653 10
1694343076098 136.65942228600682 11
1694343076276 136.28168292902956 12
1694343076426 135.90753987373554 13
1694343076539 135.53684770772082 14
1694343076676 135.16947222016913 15
1694343076803 134.8052894610518 16
1694343076919 134.44418487998277 17
1694343077052 134.0860525379782 18
1694343077155 133.73079438594522 19
1694343077318 133.37831960424455 20
1694343077448 133.02854399815362 21
1694343077573 132.6813894444931 22
1694343077684 132.3367833850826 23
1694343077812 131.99465836305762 24
1694343077943 131.65495159841652 25
1694343078110 131.3176045994739 26
1694343078260 130.98256280717825 27
1694343078400 130.64977526950958 28
1694343078518 130.31919434340864 29
