1694344462785 169.08902758239503 0
1694344462946 165.73195717333064 1
1694344463105 162.44166552176108 2
1694344463288 159.21682399416446 3
1694344463673 156.0561303976053 4
1694344463900 152.95830845340876 5
1694344464150 149.92210728131496 6
1694344464345 146.9463008939057 7
1694344464511 144.0296877010977 8
1694344464657 141.17109002450306 9
1694344464817 138.36935362145906 10
1694344465120 135.6233472185362 11
1694344465387 132.93196205433418 12
1694344465678 130.29411143138194 13
1694344466144 127.70873027695973 14
1694344466461 125.17477471266577 15
1694344466811 122.69122163255332 16
1694344467175 120.25706828966739 17
1694344467509 117.87133189081365 18
1694344467715 115.533049199396 19
1694344467873 113.24127614616133 20
1694344468044 110.99508744769486 21
1694344468190 108.79357623251106 22
1694344468333 106.63585367458894 23
1694344468503 104.52104863420385 24
1694344468676 102.44830730590984 25
1694344468870 100.41679287353071 26
1694344469057 98.4256851720199 27
1694344469261 96.47418035605222 28
1694344469456 94.56149057521398 29
