1694345317871 92.48110576729073 0
1694345318104 91.56484140013984 1
1694345318326 90.65802169145104 2
1694345318521 89.76021245877394 3
1694345318691 88.87132706764487 4
1694345318854 87.99127674561221 5
1694345319085 87.11997362584111 6
1694345319320 86.25733071576545 7
1694345319496 85.40326188853604 8
1694345319640 84.55768187439739 9
1694345319817 83.72050625215155 10
1694345320042 82.89165144070694 11
1694345320371 82.07103469071139 12
1694345320635 81.25857407626886 13
1694345320857 80.45418848673842 14
1694345321083 79.6577976186152 15
1694345321316 78.86932196749224 16
1694345321502 78.08868282010243 17
1694345321695 77.31580224643976 18
1694345321848 76.55060309195926 19
1694345322020 75.79300896985451 20
1694345322216 75.04294425341222 21
1694345322444 74.30033406844309 22
1694345322606 73.56510428578802 23
1694345322764 72.83718151389901 24
1694345322947 72.11649309149414 25
1694345323141 71.4029670802856 26
1694345323316 70.69653225778035 27
1694345323471 69.99711811015243 28
1694345323828 69.30465482518643 29
