1694346215593 125.12841780299524 0
1694346215827 123.92962384459926 1
1694346216009 122.74556377208265 2
1694346216193 121.57420000968128 3
1694346216370 120.4154019494975 4
1694346216654 119.26902819454267 5
1694346216846 118.13493905966669 6
1694346217022 117.01299647261506 7
1694346217184 115.90306395562436 8
1694346217384 114.80500660673532 9
1694346217537 113.7186910813294 10
1694346217700 112.6439855738835 11
1694346217879 111.58075979993995 12
1694346218154 110.52888497828967 13
1694346218480 109.48823381336523 14
1694346218699 108.45868047784211 15
1694346218878 107.44010059544519 16
1694346219166 106.43237122395827 17
1694346219435 105.43537083843405 18
1694346219673 104.44897931460227 19
1694346219828 103.47307791247384 20
1694346219992 102.50754926013816 21
1694346220169 101.55227733775206 22
1694346220308 100.60714746171713 23
1694346220481 99.67204626904446 24
1694346220613 98.74686170190307 25
1694346220794 97.8314829923513 26
1694346220974 96.92580064724794 27
1694346221121 96.0297064333416 28
1694346221307 95.14309336253581 29
