1694344702422 150.22681356071095 0
1694344702609 149.92676296234666 1
1694344702769 149.6273131155894 2
1694344702931 149.3284628169233 3
1694344703093 149.0302108652452 4
1694344703248 148.73255606185984 5
1694344703636 148.43549721047503 6
1694344704031 148.1390331171967 7
1694344704314 147.84316259052437 8
1694344704538 147.547884441346 9
1694344704788 147.25319748293356 10
1694344704996 146.95910053093795 11
1694344705219 146.66559240338435 12
1694344705412 146.37267192066744 13
1694344705587 146.08033790554663 14
1694344705789 145.7885891831414 15
1694344706013 145.49742458092646 16
1694344706190 145.20684292872704 17
1694344706338 144.9168430587143 18
1694344706482 144.6274238054004 19
1694344706675 144.33858400563392 20
1694344706822 144.05032249859534 21
1694344706954 143.76263812579202 22
1694344707217 143.4755297310538 23
1694344707478 143.18899616052818 24
1694344707696 142.90303626267576 25
1694344707883 142.6176488882657 26
1694344708216 142.3328328903708 27
1694344708482 142.0485871243631 28
1694344708641 141.76491044790927 29
