1694339180283 9.059634021546243 0
1694339180654 8.273183787681596 1
1694339180850 7.563086248331734 2
1694339181022 6.917341142196039 3
1694339181194 6.3303022230870285 4
1694339181347 5.796566224098328 5
1694339181643 5.3112429711989115 6
1694339181877 4.869892682962608 7
1694339182098 4.468485087256939 8
1694339182287 4.1033615013190525 9
1694339182437 3.7712004672171906 10
1694339182588 3.4689865685776966 11
1694339182718 3.1939821358790574 12
1694339182835 2.9437015723795232 13
1694339182962 2.715888057723303 14
1694339183073 2.508492408802133 15
1694339183203 2.3196538978963237 16
1694339183342 2.1476828466686215 17
1694339183494 1.9910448314123141 18
1694339183624 1.8483463502214585 19
1694339183774 1.7183218166008944 20
1694339183908 1.5998217565984907 21
1694339184009 1.4918020979410094 22
1694339184231 1.3933144499962657 23
1694339184397 1.3034972827661513 24
1694339184580 1.221567921626627 25
1694339184730 1.1468152822526214 26
1694339184847 1.0785932771713356 27
1694339184975 1.01631483174318 28
1694339185198 0.9594464531356862 29
