1694345337118 169.45239296467102 0
1694345337333 169.1144442035443 1
1694345337625 168.94593404423873 2
1694345337866 168.7775077060939 3
1694345338083 168.60924964354953 4
1694345338412 168.4411596462247 5
1694345338684 168.27323754623143 6
1694345338948 168.10548317582825 7
1694345339139 167.9378963674415 8
1694345339355 167.77047695366488 9
1694345339521 167.60322476725935 10
1694345339672 167.43613964115306 11
1694345339821 167.26922140844113 12
1694345340014 167.10246990238542 13
1694345340197 166.9358849564144 14
1694345340377 166.76946640412302 15
1694345340524 166.6032140792726 16
1694345340791 166.4371278157904 17
1694345341063 166.27120744776985 18
1694345341263 166.10545280947002 19
1694345341472 165.9398637353156 20
1694345341815 165.77444005989693 21
1694345342071 165.60918161796934 22
1694345342306 165.4440882444536 23
1694345342541 165.2791597744353 24
1694345342795 165.11439604316473 25
1694345342962 164.949796886057 26
1694345343108 164.7853621386916 27
1694345343294 164.62109163681237 28
1694345343504 164.45698521632715 29
