1694345179634 169.08902758239503 0
1694345179799 169.0552899359562 1
1694345179979 169.0384257495184 2
1694345180138 169.0215624055496 3
1694345180351 169.00470074715068 4
1694345180534 168.98784077411116 5
1694345180755 168.97098248626244 6
1694345181135 168.9541258834361 7
1694345181487 168.93727096546365 8
1694345181695 168.92041773217665 9
1694345181876 168.90356618340672 10
1694345182066 168.88671631898538 11
1694345182236 168.86986813874435 12
1694345182464 168.85302164251516 13
1694345182639 168.83617683012946 14
1694345182783 168.819333701419 15
1694345182946 168.80249225621534 16
1694345183135 168.78565249435027 17
1694345183300 168.76881441565544 18
1694345183611 168.7519780199626 19
1694345183962 168.73514330710353 20
1694345184182 168.71831027690993 21
1694345184372 168.70147892921364 22
1694345184712 168.68464926384644 23
1694345184945 168.66782128064008 24
1694345185137 168.65099497942646 25
1694345185312 168.63417036003736 26
1694345185465 168.61734742230473 27
1694345185635 168.6005261660604 28
1694345185830 168.5837065911363 29
