1694344671353 50.909260992154515 0
1694344671505 49.90087208968774 1
1694344671681 48.91257786083869 2
1694344671835 47.94397764384563 3
1694344672011 46.99467877055354 4
1694344672166 46.06429640681181 5
1694344672320 45.152453396061716 6
1694344672472 44.25878010605 7
1694344672628 43.38291427860582 8
1694344672801 42.52450088241992 9
1694344673059 41.68319196876591 10
1694344673285 40.85864653010463 11
1694344673556 40.05053036151413 12
1694344673759 39.25851592488859 13
1694344673975 38.48228221585085 14
1694344674272 37.721514633324176 15
1694344674520 36.97590485171013 16
1694344674682 36.24515069562039 17
1694344674837 35.52895601711143 18
1694344674985 34.82703057537192 19
1694344675158 34.13908991881394 20
1694344675306 33.46485526951974 21
1694344675461 32.80405340999707 22
1694344675610 32.15641657219682 23
1694344675796 31.521682328747747 24
1694344675982 30.89959348636401 25
1694344676157 30.289897981381923 26
1694344676311 29.692348777383422 27
1694344676461 29.10670376486459 28
1694344676715 28.53272566290813 29
