1694341066635 0.9036752804096028 0
1694341066728 0.8570221452501817 1
1694341066819 0.8141928289130661 2
1694341066917 0.7750425566287917 3
1694341067041 0.7392334335444897 4
1694341067144 0.7064694329103014 5
1694341067230 0.6764807611830016 6
1694341067339 0.6490221137225475 7
1694341067437 0.6238703897058958 8
1694341067536 0.6008226580308573 9
1694341067673 0.5796943088353563 10
1694341068060 0.5603173757930945 11
1694341068223 0.542539013220461 12
1694341068374 0.5262201136539435 13
1694341068474 0.5112340528821632 14
1694341068634 0.4974655506264899 15
1694341068819 0.48480963616086686 16
1694341068975 0.47317070915615667 17
1694341069091 0.46246168693633616 18
1694341069177 0.45260323015203296 19
1694341069258 0.4435230396188742 20
1694341069347 0.4351552177411493 21
1694341069416 0.4274396885516513 22
1694341069488 0.42032167095223577 23
1694341069576 0.41375120024179357 24
1694341069662 0.407682693473858 25
1694341069751 0.40207455459920205 26
1694341069830 0.39688881572359386 27
1694341069920 0.3920908111508362 28
1694341070008 0.38764888118958596 29
