1694340726497 5.9926070733827255e+211 0
1694340726586 3.903901595293014e+213 1
1694340726672 2.543412203834659e+215 2
1694340726756 1.657047629304422e+217 3
1694340726855 1.079576038780477e+219 4
1694340726955 7.033499840525175e+220 5
1694340727067 4.5823655055018953e+222 6
1694340727169 2.9854374212150846e+224 7
1694340727291 1.9450296108614604e+226 8
1694340727387 1.2671979523818407e+228 9
1694340727531 8.25586737370811e+229 10
1694340727848 5.3787449675202504e+231 11
1694340728019 3.5042832104787423e+233 12
1694340728167 2.283060619790768e+235 13
1694340728279 1.487427094377807e+237 14
1694340728456 9.690672870928785e+238 15
1694340728611 6.3135289821137406e+240 16
1694340728748 4.1133003599335963e+242 17
1694340728862 2.6798387873029715e+244 18
1694340728966 1.745930347291588e+246 19
1694340729063 1.1374836397011545e+248 20
1694340729144 7.410771183368935e+249 21
1694340729234 4.828159950210837e+251 22
1694340729328 3.145573912352629e+253 23
1694340729427 2.049359453727568e+255 24
1694340729526 1.3351694436712216e+257 25
1694340729633 8.698705539776439e+258 26
1694340729724 5.667256573793348e+260 27
1694340729809 3.692250177493582e+262 28
1694340729907 2.405522177386846e+264 29
