1694344664719 92.93424844449967 0
1694344664871 91.09118400406732 1
1694344665038 89.28479126674824 2
1694344665235 87.51434039305065 3
1694344665591 85.7791160717132 4
1694344665957 84.07841723044405 5
1694344666239 82.41155675242034 6
1694344666471 80.77786119843383 7
1694344666761 79.17667053457001 8
1694344667016 77.60733786531047 9
1694344667222 76.06922917195043 10
1694344667389 74.56172305622566 11
1694344667561 73.08421048904493 12
1694344667710 71.63609456422643 13
1694344667853 70.21679025713804 14
1694344668008 68.82572418814446 15
1694344668188 67.4623343907649 16
1694344668364 66.12607008444748 17
1694344668523 64.81639145186895 18
1694344668666 63.532769420668814 19
1694344668829 62.274685449530125 20
1694344669011 61.04163131852004 21
1694344669210 59.83310892360545 22
1694344669514 58.64863007526044 23
1694344669787 57.487716301084 24
1694344669980 56.349898652348394 25
1694344670198 55.234717514399556 26
1694344670517 54.14172242083285 27
1694344670758 53.07047187136935 28
1694344670934 52.02053315335836 29
