1694341102165 9.05963402154623 0
1694341102277 8.273183787681587 1
1694341102378 7.563086248331724 2
1694341102477 6.91734114219603 3
1694341102611 6.3303022230870205 4
1694341102819 5.796566224098319 5
1694341103003 5.3112429711989035 6
1694341103274 4.8698926829626 7
1694341103424 4.468485087256932 8
1694341103540 4.103361501319045 9
1694341103724 3.7712004672171835 10
1694341103873 3.4689865685776904 11
1694341104028 3.1939821358790574 12
1694341104169 2.9437015723795232 13
1694341104278 2.715888057723303 14
1694341104372 2.508492408802133 15
1694341104463 2.3196538978963237 16
1694341104562 2.1476828466686215 17
1694341104671 1.9910448314123144 18
1694341104782 1.8483463502214588 19
1694341104907 1.7183218166008947 20
1694341105040 1.5998217565984905 21
1694341105173 1.4918020979410096 22
1694341105296 1.3933144499962657 23
1694341105413 1.3034972827661513 24
1694341105535 1.221567921626627 25
1694341105664 1.1468152822526212 26
1694341105780 1.0785932771713356 27
1694341105920 1.01631483174318 28
1694341106049 0.9594464531356862 29
