1694341340264 169.08902758239503 0
1694341340347 137.0359812026933 1
1694341340435 125.15781885934175 2
1694341340519 113.54300086378997 3
1694341340631 103.04697803715952 4
1694341340738 93.52195948924737 5
1694341340845 84.88010917748173 6
1694341340964 77.0394248344917 7
1694341341080 69.92562486555367 8
1694341341205 63.47131073321347 9
1694341341350 57.61533458091854 10
1694341341520 52.302219146100136 11
1694341341790 47.4816318105272 12
1694341342014 43.107907428539725 13
1694341342226 39.13961542352805 14
1694341342329 35.539167043992144 15
1694341342417 32.272459052778146 16
1694341342510 29.308550468925887 17
1694341342605 26.619369295333172 18
1694341342697 24.179446450076778 19
1694341342805 21.965674377439562 20
1694341342927 19.957088048928174 21
1694341343033 18.134666277056592 22
1694341343126 16.4811514574348 23
1694341343220 14.98088602957184 24
1694341343311 13.619664105440382 25
1694341343412 12.384596858762873 26
1694341343504 11.26399039853413 27
1694341343614 10.247234968733475 28
1694341343720 9.32470442362485 29
