1694338542486 8.396579560820698e+107 0
1694338542548 2.584982073497515e+111 1
1694338542611 7.95816135156682e+114 2
1694338542674 2.450010495220561e+118 3
1694338542732 7.542635995322142e+121 4
1694338542786 2.322086287749061e+125 5
1694338542844 7.148806771394375e+128 6
1694338542898 2.2008414814022175e+132 7
1694338542950 6.775540843602841e+135 8
1694338543007 2.085927319675973e+139 9
1694338543063 6.421764525379117e+142 10
1694338543122 1.9770132559471702e+146 11
1694338543176 6.086460191344503e+149 12
1694338543236 1.873786002667618e+153 13
1694338543296 5.768663350145883e+156 14
1694338543346 1.7759486302032847e+160 15
1694338543395 5.4674598701294405e+163 16
1694338543446 1.683219712726383e+167 17
1694338543501 5.181983349872506e+170 18
1694338543558 1.5953325187037565e+174 19
1694338543616 4.911412626009845e+177 20
1694338543680 1.5120342436527668e+181 21
1694338543789 4.65496941118546e+184 22
1694338543857 1.4330852829579544e+188 23
1694338543912 4.4119160553359187e+191 24
1694338543972 1.3582585426565957e+195 25
1694338544035 4.1815534238652874e+198 26
1694338544095 1.287338786210773e+202 27
1694338544157 3.963218886608709e+205 28
1694338544212 1.2201220153868912e+209 29
