1694340957515 0.3338314917866025 0
1694340957626 0.3328379270314503 1
1694340957735 0.33194750250716043 2
1694340957949 0.33114882966115217 3
1694340958112 0.33043190282731427 4
1694340958286 0.3297879110602391 5
1694340958427 0.32920907856546505 6
1694340958538 0.3286885289665692 7
1694340958652 0.32822016949775384 8
1694340958757 0.327798591899478 9
1694340958847 0.3274189873557146 10
1694340958928 0.32707707326929214 11
1694340959021 0.32676903004632674 12
1694340959092 0.3264914463677719 13
1694340959198 0.3262412716783432 14
1694340959307 0.3260157748307744 15
1694340959415 0.3258125079947274 16
1694340959507 0.325629275081432 17
1694340959605 0.3254641040526154 18
1694340959700 0.3253152225799101 19
1694340959792 0.3251810366022125 20
1694340959877 0.3250601113963352 21
1694340960060 0.32495115483307546 22
1694340960161 0.32485300253845584 23
1694340960271 0.3247646047199456 24
1694340960368 0.32468501445123843 25
1694340960481 0.32461337723770195 26
1694340960708 0.324548921708795 27
1694340960851 0.3244909513042955 28
1694340961017 0.32443883683868685 29
