1694344624399 169.089027582395 0
1694344624546 169.05528993595618 1
1694344624709 169.02155903398832 2
1694344624893 168.98783487514297 3
1694344625060 168.95411745807175 4
1694344625237 168.92040678142666 5
1694344625580 168.88670284385998 6
1694344625853 168.8530056440242 7
1694344626226 168.81931518057206 8
1694344626549 168.7856314521567 9
1694344626808 168.75195445743142 10
1694344627014 168.7182841950498 11
1694344627387 168.6846206636657 12
1694344627683 168.65096386193323 13
1694344627903 168.61731378850683 14
1694344628104 168.58367044204115 15
1694344628298 168.55003382119114 16
1694344628493 168.516403924612 17
1694344628682 168.48278075095925 18
1694344628840 168.44916429888855 19
1694344629047 168.415554567056 20
1694344629262 168.38195155411785 21
1694344629472 168.34835525873063 22
1694344629650 168.31476567955121 23
1694344629959 168.28118281523663 24
1694344630248 168.24760666444428 25
1694344630520 168.2140372258318 26
1694344630766 168.18047449805704 27
1694344631105 168.1469184797782 28
1694344631348 168.1133691696537 29
