1694340834394 1.322488662352928e+108 0
1694340834487 4.145708997789469e+111 1
1694340834592 1.2996155749365623e+115 2
1694340834695 4.074092809152834e+118 3
1694340834801 1.2771647682675244e+122 4
1694340834901 4.003713026895589e+125 5
1694340834990 1.2551018004888986e+129 6
1694340835059 3.934549052362833e+132 7
1694340835146 1.2334199695529976e+136 8
1694340835225 3.8665798825878317e+139 9
1694340835325 1.2121126913366826e+143 10
1694340835424 3.7997848773685066e+146 11
1694340835620 1.1911734954574402e+150 12
1694340835770 3.734143753061459e+153 13
1694340835905 1.1705960233083482e+157 14
1694340836034 3.669636576422307e+160 15
1694340836160 1.1503740261271454e+164 16
1694340836280 3.6062437585527286e+167 17
1694340836479 1.1305013630986781e+171 18
1694340836635 3.54394604895172e+174 19
1694340836784 1.1109719994901192e+178 20
1694340836905 3.482724529669873e+181 21
1694340837006 1.0917800048183919e+185 22
1694340837109 3.4225606095645897e+188 23
1694340837202 1.0729195510492649e+192 24
1694340837285 3.3634360186544837e+195 25
1694340837369 1.0543849108275702e+199 26
1694340837452 3.305332802571321e+202 27
1694340837525 1.0361704557379344e+206 28
1694340837602 3.2482333171078274e+209 29
