1694343119637 170.49251475599857 0
1694343119795 186.18591105917207 1
1694343119933 1183.007643977228 2
1694343120091 37723.646941043655 3
1694343120248 1374527.2217433478 4
1694343120456 50264822.91059992 5
1694343120864 1838333489.826406 6
1694343121103 67233402435.45316 7
1694343121284 2458928819923.937 8
1694343121417 89930461310929.58 9
1694343121555 3289028870291428.0 10
1694343121689 1.20289729988421e+17 11
1694343121838 4.3993591152335447e+18 12
1694343121988 1.6089786407069178e+20 13
1694343122141 5.884521355137838e+21 14
1694343122279 2.1521473749247173e+23 15
1694343122418 7.871053640329331e+24 16
1694343122573 2.8786822933586894e+26 17
1694343122731 1.0528211500982887e+28 18
1694343122904 3.850485260744158e+29 19
1694343123096 1.408238877213271e+31 20
1694343123378 5.150355347449447e+32 21
1694343123607 1.8836406687971186e+34 22
1694343123837 6.889043434456513e+35 23
1694343124013 2.5195314705184906e+37 24
1694343124299 9.214688354528962e+38 25
1694343124553 3.3700901324172725e+40 26
1694343124794 1.2325438542947793e+42 27
1694343124982 4.507785528187535e+43 28
1694343125130 1.64863345813878e+45 29
