1694337767253 4.9673514215535635 0
1694337767483 4.967056498507266 1
1694337767583 4.966893648822434 2
1694337767666 4.966831584283398 3
1694337767744 4.966845609679984 4
1694337767845 4.966916255360526 5
1694337767934 4.96702819977435 6
1694337768017 4.967169418018037 7
1694337768085 4.96733050719833 8
1694337768210 4.967504150632831 9
1694337768421 4.967684691437622 10
1694337768542 4.967867792569787 11
1694337768644 4.968050165398042 12
1694337768707 4.968229352735247 13
1694337768765 4.968403555256971 14
1694337768820 4.9685714925561175 15
1694337768880 4.968732291900258 16
1694337768938 4.9688853991819455 17
1694337769003 4.969030507672779 18
1694337769062 4.969167501075946 19
1694337769123 4.969296408072305 20
1694337769185 4.969417366111105 21
1694337769246 4.9695305926390905 22
1694337769312 4.969636362315355 23
1694337769365 4.9697349890419655 24
1694337769421 4.9698268118672315 25
1694337769478 4.96991218400053 26
1694337769539 4.9699914643241865 27
1694337769595 4.9700650109059525 28
1694337769661 4.970133176111009 29
