1694345245339 169.08902758239503 0
1694345245532 168.7518028837776 1
1694345245702 168.5836537575958 2
1694345245880 168.41558827235986 3
1694345246099 168.24769070092154 4
1694345246315 168.07996083335604 5
1694345246548 167.91239850213933 6
1694345246884 167.74500353989384 7
1694345247166 167.5777757794091 8
1694345247414 167.41071505364178 9
1694345247587 167.24382119571547 10
1694345247746 167.0770940389205 11
1694345247947 166.9105334167139 12
1694345248142 166.74413916271897 13
1694345248325 166.57791111072538 14
1694345248477 166.41184909468882 15
1694345248645 166.24595294873092 16
1694345248833 166.08022250713913 17
1694345249169 165.91465760436637 18
1694345249460 165.74925807503115 19
1694345249749 165.58402375391708 20
1694345249961 165.418954475973 21
1694345250276 165.25405007631258 22
1694345250519 165.08931039021437 23
1694345250769 164.92473525312136 24
1694345250965 164.76032450064113 25
1694345251176 164.59607796854547 26
1694345251342 164.43199549277028 27
1694345251500 164.2680769094154 28
1694345251659 164.10432205474456 29
