1694337732166 9.05963402154623 0
1694337732216 8.273183787681587 1
1694337732261 7.563086248331724 2
1694337732313 6.9173411421960305 3
1694337732382 6.330302223087021 4
1694337732441 5.796566224098319 5
1694337732492 5.3112429711989035 6
1694337732539 4.869892682962601 7
1694337732585 4.468485087256932 8
1694337732640 4.103361501319045 9
1694337732694 3.7712004672171835 10
1694337732747 3.4689865685776904 11
1694337732802 3.193982135879057 12
1694337732853 2.9437015723795232 13
1694337732902 2.7158880577233036 14
1694337732965 2.5084924088021325 15
1694337733019 2.3196538978963237 16
1694337733068 2.1476828466686215 17
1694337733121 1.9910448314123144 18
1694337733165 1.8483463502214585 19
1694337733211 1.7183218166008947 20
1694337733248 1.5998217565984907 21
1694337733294 1.4918020979410096 22
1694337733341 1.3933144499962662 23
1694337733446 1.3034972827661517 24
1694337733509 1.2215679216266273 25
1694337733574 1.1468152822526212 26
1694337733621 1.0785932771713358 27
1694337733665 1.01631483174318 28
1694337733711 0.9594464531356862 29
