1694339222300 169.08902758239503 0
1694339222381 137.0359812026933 1
1694339222479 111.07055801636226 2
1694339222571 90.03636468806421 3
1694339222662 72.99671791858557 4
1694339222748 59.19289074437494 5
1694339222848 48.01029594604876 6
1694339222951 38.9510972440667 7
1694339223052 31.61202609964167 8
1694339223145 25.666414421246767 9
1694339223260 20.849641713525877 10
1694339223377 16.947347622532202 11
1694339223643 13.785884249322551 12
1694339223834 11.224582543637846 13
1694339223974 9.149488019550779 14
1694339224131 7.468286573214299 15
1694339224290 6.106194257941535 16
1694339224427 5.002627854913323 17
1694339224545 4.108507888604198 18
1694339224652 3.3840739289227364 19
1694339224754 2.7971148556643106 20
1694339224833 2.321535254293751 21
1694339224925 1.9361940905534 22
1694339225025 1.6239639431945916 23
1694339225114 1.3709689004247585 24
1694339225213 1.165967184699801 25
1694339225324 0.9998510171890901 26
1694339225416 0.8652414550343784 27
1694339225520 0.7561601642034758 28
1694339225618 0.6677635168410141 29
