1694342419817 1.6713875452363885e+83 0
1694342419953 1.4536223620376038e+81 1
1694342420074 2.4981408584874768e+79 2
1694342420197 1.2182504027497681e+79 3
1694342420335 1.1625198360245314e+79 4
1694342420465 1.1206887493849746e+79 5
1694342420587 1.0819486309300225e+79 6
1694342420695 1.0458797105400003e+79 7
1694342420811 1.0121947634275127e+79 8
1694342420927 9.806446152083234e+78 9
1694342421063 9.510121248052891e+78 10
1694342421186 9.231076880870859e+78 11
1694342421320 8.967654007294586e+78 12
1694342421416 8.718397775191884e+78 13
1694342421567 8.482029460203503e+78 14
1694342421801 8.2574224475249e+78 15
1694342421979 8.043581663936274e+78 16
1694342422161 7.839625953416867e+78 17
1694342422313 7.64477296476295e+78 18
1694342422494 7.458326183544177e+78 19
1694342422732 7.2796637951437056e+78 20
1694342422913 7.108229111949359e+78 21
1694342423075 6.943522337201043e+78 22
1694342423210 6.785093471578501e+78 23
1694342423342 6.6325361972058835e+78 24
1694342423505 6.485482598097774e+78 25
1694342423664 6.343598596807032e+78 26
1694342423821 6.206580004695569e+78 27
1694342423980 6.074149098292646e+78 28
1694342424110 5.9460516470206005e+78 29
