1694343437799 169.089027582395 0
1694343437929 169.05528993595618 1
1694343438062 169.02183134860758 2
1694343438204 168.988378387414 3
1694343438362 168.95493083298732 4
1694343438519 168.92149223164193 5
1694343438764 168.8880592505778 6
1694343439016 168.85463396662902 7
1694343439273 168.82121429928304 8
1694343439432 168.78780003328907 9
1694343439611 168.7543947154074 10
1694343439769 168.72099500826084 11
1694343439912 168.68760299449164 12
1694343440067 168.65421533611905 13
1694343440216 168.62083557722335 14
1694343440353 168.58746350960493 15
1694343440506 168.5540970431856 16
1694343440649 168.5207382664088 17
1694343440806 168.48738383672276 18
1694343440947 168.45403729865603 19
1694343441089 168.42069844813378 20
1694343441352 168.38736623777623 21
1694343441537 168.35403961678074 22
1694343441697 168.3207183826353 23
1694343441876 168.2874050322602 24
1694343442024 168.25409936569983 25
1694343442278 168.22080033268068 26
1694343442458 168.18750457966345 27
1694343442626 168.15421880756466 28
1694343442760 168.1209396650362 29
