1694336558349 5.992607073382813e+211 0
1694336558396 3.9039015952930727e+213 1
1694336558449 2.5434122038347045e+215 2
1694336558512 1.6570476293044528e+217 3
1694336558570 1.0795760387805004e+219 4
1694336558607 7.033499840525326e+220 5
1694336558647 4.582365505501995e+222 6
1694336558678 2.985437421215138e+224 7
1694336558745 1.945029610861495e+226 8
1694336558782 1.2671979523818676e+228 9
1694336558850 8.255867373708275e+229 10
1694336558890 5.378744967520356e+231 11
1694336558950 3.504283210478808e+233 12
1694336558997 2.2830606197908007e+235 13
1694336559072 1.48742709437784e+237 14
1694336559140 9.690672870928987e+238 15
1694336559271 6.313528982113797e+240 16
1694336559373 4.1133003599336376e+242 17
1694336559467 2.679838787302992e+244 18
1694336559517 1.7459303472916095e+246 19
1694336559585 1.1374836397011706e+248 20
1694336559647 7.41077118336904e+249 21
1694336559795 4.828159950210926e+251 22
1694336559849 3.1455739123526835e+253 23
1694336559901 2.0493594537276034e+255 24
1694336559964 1.3351694436712414e+257 25
1694336560017 8.698705539776562e+258 26
1694336560126 5.667256573793454e+260 27
1694336560236 3.692250177493629e+262 28
1694336560298 2.4055221773868855e+264 29
