1694346332447 169.08902758239503 0
1694346332842 168.75180288377763 1
1694346333199 168.58372113515827 2
1694346333384 168.41572281207925 3
1694346333600 168.24790908949828 4
1694346333804 168.08027969545648 5
1694346334021 167.9128344191048 6
1694346334228 167.74557304980442 7
1694346334429 167.5784953771631 8
1694346334612 167.41160119103486 9
1694346334778 167.24489028151953 10
1694346334986 167.07836243896256 11
1694346335272 166.9120174539549 12
1694346335835 166.74585511733238 13
1694346336139 166.57987522017564 14
1694346336398 166.4140775538097 15
1694346336638 166.24846190980404 16
1694346336851 166.08302807997165 17
1694346337086 165.9177758563694 18
1694346337357 165.7527050312973 19
1694346337565 165.58781539729844 20
1694346337752 165.42310674715876 21
1694346337938 165.25857887390643 22
1694346338133 165.09423157081193 23
1694346338365 164.93006463138758 24
1694346338594 164.76607784938722 25
1694346338805 164.60227101880605 26
1694346339300 164.43864393388043 27
1694346339588 164.27519638908706 28
1694346339861 164.11192817914346 29
