1694344784959 169.4527391324265 0
1694344785179 169.11478973783065 1
1694344785352 168.77751563676753 2
1694344785521 168.44091547956555 3
1694344785730 168.1049879192512 4
1694344785963 167.7697316115438 5
1694344786135 167.4351452148499 6
1694344786485 167.10122739025832 7
1694344786792 166.76797680153436 8
1694344787009 166.43539211511455 9
1694344787246 166.1034720001016 10
1694344787433 165.77221512825858 11
1694344787613 165.44162017400404 12
1694344787784 165.11168581440646 13
1694344787965 164.782410729179 14
1694344788157 164.45379360067423 15
1694344788359 164.1258331138789 16
1694344788525 163.79852795640852 17
1694344788802 163.47187681850232 18
1694344789075 163.14587839301774 19
1694344789342 162.82053137542545 20
1694344789655 162.49583446380402 21
1694344789996 162.17178635883454 22
1694344790242 161.84838576379585 23
1694344790446 161.52563138455875 24
1694344790605 161.20352192958143 25
1694344790801 160.8820561099038 26
1694344790968 160.56123263914262 27
1694344791129 160.24105023348625 28
1694344791295 159.92150761168944 29
