1694346147537 164.28254676173412 0
1694346147865 164.1190344357727 1
1694346148164 163.95591710752288 2
1694346148463 163.79297863286874 3
1694346148965 163.6302189492535 4
1694346149293 163.46763785212602 5
1694346149542 163.30523513726533 6
1694346149752 163.14301060068954 7
1694346149906 162.98096403865534 8
1694346150053 162.81909524765788 9
1694346150258 162.65740402443035 10
1694346150411 162.49589016594388 11
1694346150561 162.33455346940707 12
1694346150701 162.17339373226585 13
1694346150856 162.01241075220315 14
1694346151080 161.8516043271385 15
1694346151302 161.690974255228 16
1694346151695 161.53052033486384 17
1694346151979 161.37024236467408 18
1694346152325 161.21014014352238 19
1694346152598 161.05021347050774 20
1694346152779 160.8904621449641 21
1694346152969 160.73088596646022 22
1694346153114 160.57148473479944 23
1694346153283 160.4122582500191 24
1694346153498 160.2532063123906 25
1694346153677 160.09432872241894 26
1694346153855 159.93562528084252 27
1694346154020 159.77709578863275 28
1694346154199 159.618740046994 29
