1694346454084 159.70097700503626 0
1694346454393 159.54239362263002 1
1694346454747 159.3840735365956 2
1694346455044 159.22592714026706 3
1694346455410 159.0679543103082 4
1694346455690 158.91015484797745 5
1694346455958 158.75252855482623 6
1694346456129 158.59507523263844 7
1694346456292 158.43779468343033 8
1694346456458 158.28068670945012 9
1694346456660 158.123751113178 10
1694346456826 157.96698769732538 11
1694346456987 157.81039626483508 12
1694346457165 157.6539766188808 13
1694346457367 157.4977285628669 14
1694346457591 157.34165190042822 15
1694346457765 157.1857464354296 16
1694346457941 157.0300119719658 17
1694346458391 156.8744483143611 18
1694346458711 156.7190552671692 19
1694346459110 156.56383263517276 20
1694346459388 156.4087802233831 21
1694346459672 156.25389783704028 22
1694346459888 156.09918528161234 23
1694346460125 155.94464236279524 24
1694346460336 155.79026888651293 25
1694346460520 155.63606465891644 26
1694346460682 155.48202948638405 27
1694346460840 155.328163175521 28
1694346461050 155.17446553315898 29
