1694343770202 169.45901394367323 0
1694343770486 169.42493036743892 1
1694343770724 169.3908536324638 2
1694343771106 169.35678373737713 3
1694343771385 169.32272068080835 4
1694343771670 169.2886644613873 5
1694343771960 169.2546150777441 6
1694343772195 169.22057252850902 7
1694343772410 169.18653681231268 8
1694343772686 169.15250792778602 9
1694343772970 169.11848587356022 10
1694343773228 169.08447064826666 11
1694343773657 169.0509812226805 12
1694343773985 169.01749846761086 13
1694343774349 168.98402238172648 14
1694343774670 168.95055296369614 15
1694343774948 168.91709021218892 16
1694343775159 168.88363412587435 17
1694343775381 168.85018470342197 18
1694343775628 168.8167419435017 19
1694343775903 168.7833058447838 20
1694343776152 168.74987640593866 21
1694343776372 168.71645362563703 22
1694343776572 168.68303750254992 23
1694343776802 168.64962803534854 24
1694343777165 168.6162252227044 25
1694343777433 168.5828290632893 26
1694343777671 168.5494395557753 27
1694343777910 168.51605669883466 28
1694343778246 168.48268049114003 29
