1694343524915 168.4256919869283 0
1694343525071 168.3923492224669 1
1694343525256 168.3590150446154 2
1694343525455 168.32568750497862 3
1694343525603 168.29236660223182 4
1694343525769 168.2590503922279 5
1694343525922 168.22574276076452 6
1694343526165 168.19244176221775 7
1694343526319 168.1591473952638 8
1694343526490 168.12585771852375 9
1694343526756 168.09257661226118 10
1694343526968 168.05930213362134 11
1694343527242 168.02603428128143 12
1694343527430 167.99277111662852 13
1694343527861 167.95951651439643 14
1694343528084 167.9262685344973 15
1694343528326 167.8930271756095 16
1694343528531 167.85979050188394 17
1694343528713 167.82656238252883 18
1694343528880 167.7933408802212 19
1694343529053 167.76012406138412 20
1694343529254 167.72691579068302 21
1694343529410 167.69371413306803 22
1694343529551 167.66051908721928 23
1694343529710 167.62732872232 24
1694343529863 167.59414689751742 25
1694343530000 167.56097168052284 26
1694343530147 167.52780307001748 27
1694343530478 167.4946391379426 28
1694343530680 167.46148373793153 29
