1694338529835 169.08902758239503 0
1694338529891 1647.0555026711224 1
1694338529948 6368726.376541853 2
1694338529995 26162510031.38674 3
1694338530053 107476031761079.77 4
1694338530106 4.4151334939567674e+17 5
1694338530155 1.8137442786130413e+21 6
1694338530203 7.450892057294048e+24 7
1694338530252 3.060839011544668e+28 8
1694338530300 1.2573978233146227e+32 9
1694338530347 5.165411444747854e+35 10
1694338530395 2.1219597249816426e+39 11
1694338530447 8.717046304263883e+42 12
1694338530501 3.5809773096111864e+46 13
1694338530553 1.4710715125693139e+50 14
1694338530608 6.043186560508908e+53 15
1694338530684 2.4825512215467264e+57 16
1694338530741 1.0198362247953071e+61 17
1694338530809 4.189504395227522e+64 18
1694338530878 1.7210554646804747e+68 19
1694338530944 7.070124847895441e+71 20
1694338531008 2.9044192003486007e+75 21
1694338531074 1.1931403013151371e+79 22
1694338531131 4.901440461664468e+82 23
1694338531254 2.0135200003520938e+86 24
1694338531314 8.271574088326508e+89 25
1694338531407 3.3979765727040435e+93 26
1694338531521 1.395894501500081e+97 27
1694338531592 5.7343581323386396e+100 28
1694338531664 2.3556839828927694e+104 29
