1694338918837 8.550527645078253 0
1694338918916 7.779289524599197 1
1694338918999 7.084023790075887 2
1694338919084 6.45297686931636 3
1694338919164 5.880437453982431 4
1694338919256 5.360967714254127 5
1694338919329 4.889647283020247 6
1694338919401 4.462011487705102 7
1694338919490 4.07400977638094 8
1694338919590 3.7219672673577375 9
1694338919691 3.4025499031062036 10
1694338919800 3.1127328351379075 11
1694338919989 2.8497717420168605 12
1694338920183 2.6111768082528113 13
1694338920327 2.3946891171946363 14
1694338920454 2.198259233946777 15
1694338920567 2.0200277751157505 16
1694338920685 1.8583077810487072 17
1694338920881 1.7115687233311594 18
1694338921045 1.5784219958285155 19
1694338921202 1.4576077516336132 20
1694338921304 1.347982961053528 21
1694338921396 1.2485105773548875 22
1694338921490 1.1582497074975857 23
1694338921589 1.076346694622351 24
1694338921678 1.002027027707997 25
1694338921792 0.9345880016621319 26
1694338921907 0.8733920582286566 27
1694338922016 0.8178607445543769 28
1694338922135 0.7674692321166694 29
