1694341343981 8.550527645078253 0
1694341344150 7.779289524599197 1
1694341344370 7.084023790075887 2
1694341344552 6.45297686931636 3
1694341344748 5.880437453982431 4
1694341344891 5.3609677142541265 5
1694341345021 4.889647283020246 6
1694341345360 4.462011487705101 7
1694341345588 4.074009776380947 8
1694341345752 3.7219672673577437 9
1694341345907 3.4025499031062103 10
1694341346054 3.1127328351379133 11
1694341346188 2.8497717420168653 12
1694341346319 2.611176808252817 13
1694341346426 2.394689117194641 14
1694341346511 2.198259233946782 15
1694341346596 2.0200277751157554 16
1694341346686 1.8583077810487116 17
1694341346790 1.7115687233311636 18
1694341346929 1.5784219958285195 19
1694341347035 1.4576077516336174 20
1694341347135 1.3479829610535317 21
1694341347235 1.2485105773548872 22
1694341347349 1.1582497074975862 23
1694341347472 1.076346694622351 24
1694341347565 1.002027027707997 25
1694341347683 0.9345880016621317 26
1694341347865 0.8733920582286568 27
1694341348036 0.8178607445543769 28
1694341348240 0.7674692321166694 29
