1694338565072 1.3224886623529253e+108 0
1694338565144 4.145708997789447e+111 1
1694338565213 1.2996155749365529e+115 2
1694338565290 4.07409280915281e+118 3
1694338565355 1.2771647682675163e+122 4
1694338565411 4.003713026895542e+125 5
1694338565465 1.2551018004888898e+129 6
1694338565525 3.934549052362814e+132 7
1694338565581 1.2334199695529935e+136 8
1694338565633 3.866579882587838e+139 9
1694338565693 1.2121126913366852e+143 10
1694338565758 3.7997848773685297e+146 11
1694338565822 1.1911734954574493e+150 12
1694338565880 3.734143753061479e+153 13
1694338565939 1.1705960233083569e+157 14
1694338565991 3.6696365764223524e+160 15
1694338566052 1.1503740261271483e+164 16
1694338566110 3.606243758552715e+167 17
1694338566171 1.1305013630986732e+171 18
1694338566230 3.5439460489517013e+174 19
1694338566296 1.1109719994901077e+178 20
1694338566347 3.482724529669818e+181 21
1694338566396 1.091780004818375e+185 22
1694338566455 3.422560609564535e+188 23
1694338566508 1.0729195510492493e+192 24
1694338566563 3.363436018654428e+195 25
1694338566611 1.0543849108275492e+199 26
1694338566664 3.3053328025712576e+202 27
1694338566719 1.0361704557379141e+206 28
1694338566778 3.2482333171077643e+209 29
