1694345305300 169.44889516427327 0
1694345305480 166.08468705426594 1
1694345305619 164.44854965521122 2
1694345305773 162.82019591824323 3
1694345305948 161.20803973922344 4
1694345306152 159.61187793471652 5
1694345306376 158.03155199904666 6
1694345306668 156.4669047864966 7
1694345306952 154.91778071219161 8
1694345307144 153.38402573553074 9
1694345307299 151.86548734485993 10
1694345307477 150.36201454229194 11
1694345307642 148.87345782867743 12
1694345307802 147.39966918872497 13
1694345307957 145.94050207626884 14
1694345308122 144.49581139968348 15
1694345308323 143.06545350744224 16
1694345308520 141.64928617382017 17
1694345308687 140.24716858473832 18
1694345308835 138.85896132374893 19
1694345309163 137.48452635815954 20
1694345309402 136.12372702529512 21
1694345309629 134.77642801889672 22
1694345309783 133.44249537565472 23
1694345310075 132.12179646187641 24
1694345310281 130.81419996028572 25
1694345310513 129.5195758569538 26
1694345310658 128.23779542835987 27
1694345310819 126.9687312285802 28
1694345310984 125.71225707660447 29
