1694337778118 15.950896021251994 0
1694337778176 15.155586028701842 1
1694337778234 14.430479165957106 2
1694337778307 13.762476575811679 3
1694337778373 13.14698770267587 4
1694337778426 12.579397288341461 5
1694337778491 12.05555927369166 6
1694337778564 11.571718121253465 7
1694337778633 11.124471456846935 8
1694337778718 10.71073453295748 9
1694337778804 10.327708533176237 10
1694337778904 9.972852167939134 11
1694337778978 9.643856219293662 12
1694337779048 9.33862072010055 13
1694337779116 9.055234487639995 14
1694337779190 8.791956761769141 15
1694337779454 8.547200724713187 16
1694337779736 8.319518703576078 17
1694337779832 8.10758887805386 18
1694337779937 7.910203334906965 19
1694337780032 7.726257327751221 20
1694337780115 7.554739615886887 21
1694337780338 7.3947237694020105 22
1694337780516 7.2453603398391335 23
1694337780651 7.105869806463094 24
1694337780758 6.975536217754229 25
1694337780869 6.853701456302062 26
1694337780950 6.7397600629025005 27
1694337781020 6.633154562466748 28
1694337781076 6.533371240422597 29
