1694343910495 169.4584269328408 0
1694343910772 169.4243435120206 1
1694343911028 169.390266932419 2
1694343911447 169.35619719266512 3
1694343911727 169.3221342913886 4
1694343911934 169.2880782272192 5
1694343912182 169.25402899878702 6
1694343912426 169.21998660472244 7
1694343912666 169.18595104365608 8
1694343912897 169.15192231421878 9
1694343913200 169.11790041504176 10
1694343913439 169.08388534475654 11
1694343913797 169.05039607303976 12
1694343914105 169.0169134717994 13
1694343914397 168.98343753970414 14
1694343914729 168.9499682754227 15
1694343915105 168.91650567762431 16
1694343915373 168.8830497449784 17
1694343915612 168.84960047615462 18
1694343915845 168.81615786982277 19
1694343916089 168.7827219246533 20
1694343916370 168.74929263931642 21
1694343916603 168.715870012483 22
1694343916788 168.68245404282405 23
1694343917009 168.64904472901077 24
1694343917236 168.61564206971468 25
1694343917569 168.5822460636076 26
1694343917830 168.54885670936156 27
1694343918070 168.5154740056489 28
1694343918415 168.48209795114226 29
