1694338602028 9.059634021546252 0
1694338602093 8.273183787681607 1
1694338602164 7.563086248331744 2
1694338602230 6.917341142196049 3
1694338602301 6.330302223087037 4
1694338602367 5.796566224098335 5
1694338602426 5.31124297119892 6
1694338602489 4.869892682962615 7
1694338602550 4.468485087256946 8
1694338602599 4.103361501319059 9
1694338602650 3.7712004672171973 10
1694338602703 3.468986568577703 11
1694338602763 3.1939821358790628 12
1694338602812 2.943701572379529 13
1694338602854 2.7158880577233027 14
1694338602901 2.508492408802133 15
1694338602954 2.3196538978963237 16
1694338603016 2.1476828466686215 17
1694338603072 1.9910448314123144 18
1694338603134 1.8483463502214585 19
1694338603195 1.7183218166008947 20
1694338603319 1.5998217565984907 21
1694338603392 1.4918020979410096 22
1694338603449 1.3933144499962657 23
1694338603505 1.3034972827661513 24
1694338603568 1.221567921626627 25
1694338603631 1.1468152822526214 26
1694338603684 1.0785932771713356 27
1694338603741 1.01631483174318 28
1694338603813 0.9594464531356861 29
