1694340932042 3.2432032530823864e+108 0
1694340932156 1.0166723761580022e+112 1
1694340932264 3.187110468600727e+115 2
1694340932372 9.99109589982846e+118 3
1694340932591 3.132053263729247e+122 4
1694340932746 9.818500137561746e+125 5
1694340932932 3.0779471750275563e+129 6
1694340933064 9.648885959696848e+132 7
1694340933193 3.024775766738146e+136 8
1694340933332 9.482201859637071e+139 9
1694340933548 2.9725228922957037e+143 10
1694340933709 9.318397220411237e+146 11
1694340933859 2.9211726840665774e+150 12
1694340933971 9.157422299454331e+153 13
1694340934056 2.870709548529791e+157 14
1694340934147 8.999228213501978e+160 15
1694340934245 2.8211181615418553e+164 16
1694340934354 8.843766923746237e+167 17
1694340934459 2.7723834636831353e+171 18
1694340934548 8.690991221247452e+174 19
1694340934654 2.7244906556848954e+178 20
1694340934750 8.540854712598434e+181 21
1694340934838 2.6774251939351113e+185 22
1694340934934 8.393311805836242e+188 23
1694340935023 2.6311727860620593e+192 24
1694340935127 8.248317696597008e+195 25
1694340935255 2.5857193865941297e+199 26
1694340935365 8.105828354510545e+202 27
1694340935468 2.5410511926946563e+206 28
1694340935561 7.965800509829379e+209 29
