1694337712222 1.322488662352902e+108 0
1694337712282 4.1457089977893744e+111 1
1694337712332 1.2996155749365356e+115 2
1694337712378 4.074092809152742e+118 3
1694337712428 1.277164768267496e+122 4
1694337712467 4.00371302689548e+125 5
1694337712506 1.2551018004888725e+129 6
1694337712549 3.934549052362758e+132 7
1694337712597 1.2334199695529754e+136 8
1694337712649 3.866579882587764e+139 9
1694337712699 1.2121126913366635e+143 10
1694337712750 3.7997848773684605e+146 11
1694337712795 1.1911734954574266e+150 12
1694337712842 3.7341437530614085e+153 13
1694337712889 1.170596023308337e+157 14
1694337712941 3.6696365764222775e+160 15
1694337712991 1.150374026127132e+164 16
1694337713043 3.6062437585526684e+167 17
1694337713086 1.1305013630986623e+171 18
1694337713138 3.5439460489516666e+174 19
1694337713189 1.1109719994901068e+178 20
1694337713240 3.482724529669825e+181 21
1694337713289 1.0917800048183754e+185 22
1694337713339 3.422560609564535e+188 23
1694337713386 1.0729195510492494e+192 24
1694337713435 3.3634360186544313e+195 25
1694337713473 1.054384910827545e+199 26
1694337713519 3.3053328025712424e+202 27
1694337713557 1.0361704557379056e+206 28
1694337713602 3.248233317107734e+209 29
