1694339253125 0.2772216733145725 0
1694339253329 0.2769019914164628 1
1694339253495 0.2766338062299719 2
1694339253644 0.27640868934375273 3
1694339253766 0.2762196096472129 4
1694339254025 0.2760606991237217 5
1694339254354 0.27592705829529457 6
1694339254541 0.27581459453986834 7
1694339254696 0.27571988767294264 8
1694339254825 0.27564007815162506 9
1694339254927 0.2755727740571635 10
1694339255052 0.2755159736714604 11
1694339255178 0.2754680010082215 12
1694339255276 0.2754274521103044 13
1694339255377 0.27539315029796035 14
1694339255504 0.2753641088615746 15
1694339255588 0.2753394999483607 16
1694339255693 0.27531862860445794 17
1694339255815 0.27530091110961713 18
1694339255915 0.27528585688738355 19
1694339256013 0.27527305339458674 20
1694339256108 0.2752621534942745 21
1694339256225 0.2752528648995328 22
1694339256341 0.275244941344811 23
1694339256466 0.27523817519885596 24
1694339256686 0.2752323912811285 25
1694339256901 0.27522744168329727 26
1694339257081 0.2752232014304397 27
1694339257261 0.2752195648440684 28
1694339257388 0.27521644249197447 29
