1694346057651 150.6443061052775 0
1694346057852 150.347059289945 1
1694346058033 150.05046337455136 2
1694346058259 149.7545168708102 3
1694346058484 149.4592182939221 4
1694346058681 149.1645661625662 5
1694346059119 148.87055899889202 6
1694346059375 148.57719532851107 7
1694346059582 148.2844736804889 8
1694346059742 147.99239258733664 9
1694346059904 147.70095058500291 10
1694346060100 147.41014621286575 11
1694346060260 147.11997801372428 12
1694346060423 146.83044453379085 13
1694346060599 146.5415443226826 14
1694346060767 146.25327593341373 15
1694346060988 145.96563792238723 16
1694346061183 145.6786288493868 17
1694346061451 145.39224727756903 18
1694346062015 145.10649177345516 19
1694346062487 144.82136090692325 20
1694346062788 144.53685325120014 21
1694346062988 144.25296738285357 22
1694346063176 143.96970188178415 23
1694346063394 143.68705533121758 24
1694346063593 143.40502631769664 25
1694346063769 143.12361343107338 26
1694346063915 142.84281526450116 27
1694346064078 142.56263041442713 28
1694346064233 142.2830574805839 29
