1694346208026 169.089027582395 0
1694346208411 165.73195717333064 1
1694346208705 164.10593817375772 2
1694346208940 162.48747482436303 3
1694346209256 160.88668598494067 4
1694346209455 159.30330995895713 5
1694346209636 157.73714971664424 6
1694346209868 156.18801014378968 7
1694346210055 154.65569839155708 8
1694346210228 153.1400238476455 9
1694346210425 151.64079811003998 10
1694346210610 150.15783496105877 11
1694346210969 148.69095034170715 12
1694346211268 147.2399623263348 13
1694346211577 145.8046910975921 14
1694346211891 144.38495892168308 15
1694346212094 142.98059012391013 16
1694346212294 141.59141106450812 17
1694346212503 140.21725011476414 18
1694346212674 138.85793763341883 19
1694346212834 137.51330594334726 20
1694346212989 136.18318930851498 21
1694346213194 134.86742391120612 22
1694346213404 133.5658478295209 23
1694346213599 132.27830101513874 24
1694346213798 131.004625271344 25
1694346214000 129.74466423131156 26
1694346214209 128.49826333664856 27
1694346214547 127.2652698161898 28
1694346214845 126.0455326650434 29
