1694344213820 169.44321113965793 0
1694344214022 169.10256176797364 1
1694344214194 168.93789398530944 2
1694344214365 168.77070833640497 3
1694344214558 168.6036904138155 4
1694344214905 168.43683870889777 5
1694344215253 168.27015305655712 6
1694344215471 168.10363329119295 7
1694344215675 167.9372792473704 8
1694344215938 167.77109075981966 9
1694344216129 167.605067663436 10
1694344216269 167.43920979327953 11
1694344216415 167.27351698457517 12
1694344216572 167.10798907271217 13
1694344216707 166.94262589324435 14
1694344216852 166.7774272818896 15
1694344217006 166.61239307452985 16
1694344217273 166.44752310721097 17
1694344217686 166.28281721614255 18
1694344217946 166.11827523769756 19
1694344218287 165.9538970084126 20
1694344218606 165.78968236498733 21
1694344218790 165.62563114428445 22
1694344218932 165.46174318332967 23
1694344219066 165.29801831931135 24
1694344219238 165.1344563895804 25
1694344219424 164.97105723165018 26
1694344219584 164.80782068319633 27
1694344219745 164.64474658205646 28
1694344219900 164.48183476623018 29
