1694337742511 0.5956037614729295 0
1694337742574 0.5344308813071839 1
1694337742633 0.4848577068422678 2
1694337742689 0.44468249571899965 3
1694337742739 0.4121216598423143 4
1694337742788 0.38573032278578506 5
1694337742843 0.36433797306756993 6
1694337742898 0.3469963443832964 7
1694337742948 0.33293719915367936 8
1694337742997 0.32153813337482956 9
1694337743049 0.31229487844802023 10
1694337743101 0.304798865368792 11
1694337743155 0.2987190512954288 12
1694337743208 0.2937871985602427 13
1694337743263 0.28978595011046127 14
1694337743314 0.286539170034298 15
1694337743364 0.2839041188024299 16
1694337743417 0.2817651146391061 17
1694337743464 0.28002839867798474 18
1694337743517 0.27861797520970755 19
1694337743582 0.27747224178388175 20
1694337743641 0.2765412591254115 21
1694337743694 0.27578453933358976 22
1694337743817 0.275169253923258 23
1694337743886 0.27466878197027217 24
1694337743942 0.27426153377242873 25
1694337743989 0.2739299977073085 26
1694337744036 0.27365996790725877 27
1694337744084 0.27343991842203974 28
1694337744133 0.27326049606037967 29
