1694341119096 169.44694271325952 0
1694341119208 137.0813955334475 1
1694341119291 125.56472055179422 2
1694341119387 114.00437578794623 3
1694341119506 103.57003479975737 4
1694341119611 94.08983459274523 5
1694341119716 85.49083681588559 6
1694341119826 77.68321088672958 7
1694341119931 70.59547369213638 8
1694341120043 64.16114102879976 9
1694341120149 58.31977134490658 10
1694341120258 53.01327722003146 11
1694341120585 48.20003436760434 12
1694341120787 43.82840925620676 13
1694341120948 39.85912744571342 14
1694341121068 36.25498473236731 15
1694341121184 32.98224981925726 16
1694341121307 30.010316799143357 17
1694341121406 27.311412458828283 18
1694341121512 24.860334142992258 19
1694341121619 22.634211477867964 20
1694341121759 20.61229023765402 21
1694341121893 18.775736254794854 22
1694341122037 17.107457517125038 23
1694341122148 15.5919427637793 24
1694341122258 14.215115048776886 25
1694341122373 12.964198883340368 26
1694341122454 11.827599696971903 27
1694341122524 10.794794474290272 28
1694341122621 9.856232530745094 29
