1694346523733 94.36270550644 0
1694346523919 93.49204798809305 1
1694346524148 92.63095373929495 2
1694346524328 91.77896054743069 3
1694346524495 90.93597029634088 4
1694346524708 90.10188252922308 5
1694346524894 89.27659797531282 6
1694346525061 88.46001850621998 7
1694346525244 87.65204712278849 8
1694346525452 86.85258794186957 9
1694346525657 86.06154618325297 10
1694346526078 85.27882815675288 11
1694346526377 84.50434124944636 12
1694346526742 83.73799391306282 13
1694346526994 82.97969565152245 14
1694346527271 82.22935700862193 15
1694346527499 81.48688955586587 16
1694346527669 80.7522058804417 17
1694346527889 80.02521957333711 18
1694346528079 79.30584521759761 19
1694346528299 78.59399837672291 20
1694346528539 77.88959558320053 21
1694346528748 77.19255432717466 22
1694346528993 76.502793045249 23
1694346529216 75.82023110942198 24
1694346529528 75.14478881615248 25
1694346529866 74.47638737555481 26
1694346530153 73.81494890072128 27
1694346530537 73.16039639717089 28
1694346530905 72.51265375242262 29
