1694344280908 93.01609734108386 0
1694344281090 92.10485027011195 1
1694344281403 91.20292225757036 2
1694344281634 90.30990484589954 3
1694344281859 89.42553174928503 4
1694344282049 88.55017260934923 5
1694344282201 87.68336358178865 6
1694344282352 86.8251203554124 7
1694344282529 85.97519117353573 8
1694344282672 85.13391271572351 9
1694344282823 84.30085403241077 10
1694344282977 83.4758737852939 11
1694344283155 82.65927970238567 12
1694344283320 81.85066662921983 13
1694344283471 81.04990072521221 14
1694344283627 80.2572642582615 15
1694344283807 79.47237707970802 16
1694344284128 78.69511262050749 17
1694344284364 77.92572845075708 18
1694344284622 77.16386868260169 19
1694344284768 76.40941379800385 20
1694344285055 75.66259741369707 21
1694344285290 74.92308717586953 22
1694344285517 74.19077040266143 23
1694344285712 73.46585748438723 24
1694344285927 72.7480388923359 25
1694344286099 72.03720857155731 26
1694344286255 71.33355439577399 27
1694344286409 70.63669589207332 28
1694344286603 69.94686577341008 29
