1694342335908 1.6713875452363014e+83 0
1694342336032 1.4536223620375457e+81 1
1694342336171 2.498140858487379e+79 2
1694342336278 1.2182504027497078e+79 3
1694342336414 1.1625198360244735e+79 4
1694342336548 1.120688749384919e+79 5
1694342336676 1.081948630929969e+79 6
1694342336805 1.0458797105399483e+79 7
1694342336937 1.0121947634274623e+79 8
1694342337089 9.806446152082742e+78 9
1694342337223 9.510121248052415e+78 10
1694342337330 9.231076880870398e+78 11
1694342337441 8.967654007294138e+78 12
1694342337616 8.718397775191448e+78 13
1694342337956 8.48202946020308e+78 14
1694342338188 8.257422447524487e+78 15
1694342338413 8.043581663935871e+78 16
1694342338589 7.839625953416475e+78 17
1694342338764 7.644772964762567e+78 18
1694342339100 7.458326183543805e+78 19
1694342339386 7.279663795143342e+78 20
1694342339564 7.108229111949e+78 21
1694342339719 6.943522337200693e+78 22
1694342339870 6.785093471578158e+78 23
1694342340005 6.632536197205549e+78 24
1694342340147 6.485482598097446e+78 25
1694342340290 6.343598596806711e+78 26
1694342340428 6.2065800046952555e+78 27
1694342340558 6.074149098292339e+78 28
1694342340685 5.9460516470203e+78 29
