1694338628398 0.2772257956381537 0
1694338628460 0.27690625770623434 1
1694338628519 0.2766381061296939 2
1694338628616 0.2764129398668528 3
1694338628759 0.27622374967618096 4
1694338628846 0.2760646849265802 5
1694338628945 0.2759308598783412 6
1694338629027 0.27581819268744334 7
1694338629097 0.2757232715510346 8
1694338629171 0.27564324337370105 9
1694338629246 0.27557572112843237 10
1694338629319 0.2755187067425151 11
1694338629376 0.27547052688119156 12
1694338629464 0.2754297794507134 13
1694338629600 0.27539528901380556 14
1694338629681 0.2753660696180103 15
1694338629801 0.27534129379204153 16
1694338629876 0.2753202666762789 17
1694338629936 0.27530240442844434 18
1694338629998 0.2752872161905532 19
1694338630064 0.27527428902357143 20
1694338630144 0.2752632753160692 21
1694338630213 0.2752538822560891 22
1694338630273 0.27524586302430487 23
1694338630326 0.27523900942376683 24
1694338630382 0.27523314570909 25
1694338630439 0.2752281234174784 26
1694338630495 0.27522381703687104 27
1694338630556 0.2752201203738618 28
1694338630613 0.2752169435068164 29
