1694345540766 164.6156606574143 0
1694345541000 164.45130100072922 1
1694345541215 164.2873154249394 2
1694345541394 164.12349357970055 3
1694345541739 163.95983541933742 4
1694345541931 163.7963407801976 5
1694345542140 163.63300949885587 6
1694345542318 163.46984141205044 7
1694345542479 163.3068363566826 8
1694345542626 163.14399416981678 9
1694345542809 162.98131468868027 10
1694345542997 162.81879775066304 11
1694345543149 162.6564431933176 12
1694345543446 162.49425085435888 13
1694345543765 162.3322205716641 14
1694345543964 162.17035218327237 15
1694345544224 162.00864552738483 16
1694345544446 161.84710044236436 17
1694345544732 161.6857167667354 18
1694345544929 161.52449433918378 19
1694345545075 161.36343299855665 20
1694345545245 161.20253258386205 21
1694345545425 161.0417929342693 22
1694345545573 160.88121388910815 23
1694345545712 160.72079528786927 24
1694345545916 160.56053697020346 25
1694345546124 160.40043877592203 26
1694345546342 160.2405005449964 27
1694345546594 160.0807221175579 28
1694345546752 159.92110333389766 29
