1694338675521 4.9673514215535635 0
1694338675578 4.967056498507259 1
1694338675635 4.966893648822426 2
1694338675702 4.96683158428339 3
1694338675765 4.966845609679979 4
1694338675819 4.966916255360518 5
1694338675879 4.967028199774342 6
1694338676048 4.967169418018029 7
1694338676138 4.967330507198322 8
1694338676226 4.9675041506328235 9
1694338676320 4.967684691437615 10
1694338676420 4.9678677925697805 11
1694338676501 4.968050165398035 12
1694338676568 4.968229352735239 13
1694338676638 4.968403555256963 14
1694338676702 4.9685714925561095 15
1694338676941 4.96873229190025 16
1694338677065 4.968885399181938 17
1694338677165 4.969030507672779 18
1694338677265 4.969167501075946 19
1694338677353 4.969296408072304 20
1694338677412 4.969417366111105 21
1694338677469 4.969530592639091 22
1694338677528 4.969636362315355 23
1694338677578 4.9697349890419655 24
1694338677629 4.9698268118672315 25
1694338677688 4.969912184000539 26
1694338677743 4.9699914643241945 27
1694338677802 4.9700650109059525 28
1694338677856 4.970133176111008 29
