1694346108377 169.08902758239503 0
1694346108548 165.73195717333064 1
1694346108737 164.10593817375772 2
1694346108960 162.48747482436303 3
1694346109345 160.88668598494067 4
1694346109679 159.30330995895713 5
1694346109933 157.73714971664424 6
1694346110122 156.1880101437897 7
1694346110311 154.6556983915571 8
1694346110516 153.1400238476455 9
1694346110726 151.64079811004 10
1694346110922 150.15783496105877 11
1694346111101 148.69095034170718 12
1694346111317 147.23996232633476 13
1694346111499 145.8046910975921 14
1694346111746 144.3849589216831 15
1694346112057 142.98059012391013 16
1694346112299 141.59141106450818 17
1694346112600 140.21725011476414 18
1694346112918 138.8579376334188 19
1694346113112 137.51330594334726 20
1694346113314 136.18318930851498 21
1694346113468 134.86742391120612 22
1694346113662 133.5658478295209 23
1694346113855 132.2783010151387 24
1694346114019 131.00462527134397 25
1694346114200 129.74466423131156 26
1694346114362 128.49826333664856 27
1694346114544 127.2652698161898 28
1694346114730 126.0455326650434 29
