1694344921258 167.67896603893584 0
1694344921443 167.64545429679836 1
1694344921639 167.61194926732063 2
1694344921791 167.5784509491571 3
1694344921938 167.54495934096258 4
1694344922073 167.5114744413923 5
1694344922325 167.47799624910158 6
1694344922475 167.4445247627462 7
1694344922611 167.41105998098195 8
1694344922745 167.37760190246507 9
1694344922910 167.34415052585214 10
1694344923040 167.31070584979977 11
1694344923179 167.27726787296504 12
1694344923328 167.24383659400522 13
1694344923622 167.2104120115779 14
1694344923899 167.1769941243408 15
1694344924092 167.14358293095205 16
1694344924265 167.11017843007005 17
1694344924583 167.0767806203534 18
1694344924839 167.04338950046102 19
1694344925037 167.01000506905203 20
1694344925212 166.97662732478588 21
1694344925361 166.94325626632227 22
1694344925502 166.9098918923212 23
1694344925632 166.8765342014429 24
1694344925815 166.8431831923479 25
1694344926001 166.80983886369694 26
1694344926177 166.77650121415104 27
1694344926377 166.74317024237158 28
1694344926571 166.7098459470201 29
