1694343634807 168.77606752293494 0
1694343635031 168.74263552105165 1
1694343635263 168.7092101784999 2
1694343635513 168.67579149395036 3
1694343635860 168.64237946607406 4
1694343636103 168.60897409354214 5
1694343636611 168.57557537502618 6
1694343636884 168.54218330919787 7
1694343637186 168.5087978947293 8
1694343637485 168.47541913029278 9
1694343637732 168.44204701456079 10
1694343637969 168.4086815462062 11
1694343638193 168.3753227239021 12
1694343638412 168.3419705463218 13
1694343638652 168.30862501213898 14
1694343638912 168.27528612002752 15
1694343639179 168.24195386866154 16
1694343639455 168.2086282567155 17
1694343639701 168.17530928286402 18
1694343640008 168.14199694578213 19
1694343640370 168.10869124414495 20
1694343640653 168.075392176628 21
1694343641064 168.04209974190695 22
1694343641338 168.00881393865794 23
1694343641592 167.97553476555717 24
1694343641876 167.94226222128114 25
1694343642132 167.9089963045067 26
1694343642363 167.87573701391088 27
1694343642645 167.84248434817096 28
1694343642915 167.80923830596464 29
