1694344857198 93.12794687495581 0
1694344857379 91.2811173861608 1
1694344857547 89.4710335832195 2
1694344857727 87.69696416315959 3
1694344857892 85.95819238031581 4
1694344858072 84.25401575648925 5
1694344858358 82.58374579687889 6
1694344858703 80.94670771167067 7
1694344858974 79.342240143171 8
1694344859168 77.76969489837448 9
1694344859331 76.22843668685763 10
1694344859609 74.7178428638922 11
1694344859830 73.23730317867451 12
1694344860061 71.7862195275686 13
1694344860231 70.36400571226349 14
1694344860401 68.97008720274641 15
1694344860539 67.60390090499632 16
1694344860666 66.26489493330364 17
1694344860798 64.95252838712392 18
1694344860962 63.66627113237524 19
1694344861104 62.40560358709069 20
1694344861250 61.17001651133943 21
1694344861386 59.95901080133095 22
1694344861551 58.772097287619566 23
1694344861691 57.6087965373272 24
1694344861832 56.46863866030456 25
1694344861976 55.35116311915222 26
1694344862132 54.25591854302459 27
1694344862451 53.182462545141796 28
1694344862671 52.13036154393517 29
