1694345881856 169.44659246769976 0
1694345882150 169.1085838214651 1
1694345882383 168.7713181583493 2
1694345882585 168.43479377750785 3
1694345882763 168.09900898207886 4
1694345882917 167.7639620791733 5
1694345883095 167.429651379866 6
1694345883248 167.09607519918583 7
1694345883394 166.7632318561067 8
1694345883563 166.431119673538 9
1694345883709 166.09973697831535 10
1694345883881 165.7690821011913 11
1694345884023 165.43915337682594 12
1694345884168 165.10994914377778 13
1694345884320 164.78146774449453 14
1694345884461 164.45370752530366 15
1694345884636 164.12666683640344 16
1694345884832 163.80034403185383 17
1694345885101 163.47473746956692 18
1694345885298 163.1498455112982 19
1694345885497 162.82566652263748 20
1694345885772 162.50219887299937 21
1694345885986 162.17944093561474 22
1694345886182 161.85739108752128 23
1694345886391 161.53604770955477 24
1694345886565 161.2154091863398 25
1694345886730 160.89547390628115 26
1694345886887 160.57624026155446 27
1694345887024 160.2577066480975 28
1694345887201 159.93987146560133 29
