1694338761601 170.4971906521057 0
1694338761691 3907.462196287792 1
1694338761766 15653726.202899827 2
1694338761857 64305445210.125984 3
1694338761929 264167852165715.12 4
1694338762030 1.0852059878025733e+18 5
1694338762116 4.45804448311161e+21 6
1694338762205 1.8313721852608763e+25 7
1694338762300 7.523307794825461e+28 8
1694338762420 3.0905875185397407e+32 9
1694338762532 1.2696185601130601e+36 10
1694338762630 5.215614437429577e+39 11
1694338762710 2.1425831989650074e+43 12
1694338762839 8.801767882883526e+46 13
1694338763028 3.6157810768600767e+50 14
1694338763167 1.4853689587978898e+54 15
1694338763342 6.1019207105212356e+57 16
1694338763478 2.5066793093361003e+61 17
1694338763622 1.0297480839138936e+65 18
1694338763747 4.2302224794969125e+68 19
1694338763881 1.7377825223064299e+72 20
1694338763995 7.138839882466025e+75 21
1694338764093 2.932647452331846e+79 22
1694338764184 1.2047365147931502e+83 23
1694338764285 4.949077902022964e+86 24
1694338764379 2.0330895411182427e+90 25
1694338764482 8.351966091531534e+93 26
1694338764602 3.431001743077484e+97 27
1694338764720 1.4094612971353736e+101 28
1694338764801 5.790090757402645e+104 29
