1694345057892 169.08902758239503 0
1694345058056 168.7518028837776 1
1694345058238 168.5836537575958 2
1694345058446 168.41558827235983 3
1694345058618 168.2476907009215 4
1694345058794 168.07996083335604 5
1694345059258 167.91239850213933 6
1694345059531 167.74500353989387 7
1694345059799 167.57777577940908 8
1694345060007 167.41071505364175 9
1694345060197 167.24382119571547 10
1694345060349 167.0770940389205 11
1694345060503 166.9105334167139 12
1694345060680 166.744139162719 13
1694345060865 166.57791111072538 14
1694345061034 166.4118490946888 15
1694345061202 166.24595294873092 16
1694345061397 166.08022250713913 17
1694345061731 165.91465760436637 18
1694345062011 165.74925807503115 19
1694345062225 165.5840237539171 20
1694345062408 165.418954475973 21
1694345062702 165.25405007631258 22
1694345062947 165.08931039021437 23
1694345063209 164.92473525312136 24
1694345063387 164.76032450064113 25
1694345063557 164.59607796854547 26
1694345063698 164.43199549277028 27
1694345063889 164.26807690941544 28
1694345064043 164.10432205474456 29
