1694345630121 169.089027582395 0
1694345630294 168.75180288377763 1
1694345630463 168.41531936932145 2
1694345630628 168.07957534242044 3
1694345630809 167.74456911044095 4
1694345630992 167.41029898471226 5
1694345631187 167.0767632805172 6
1694345631540 166.7439603170829 7
1694345631827 166.4118884175712 8
1694345632010 166.08054590906943 9
1694345632220 165.74993112258133 10
1694345632390 165.42004239301735 11
1694345632571 165.0908780591857 12
1694345632730 164.7624364637832 13
1694345632893 164.43471595338556 14
1694345633091 164.10771487843888 15
1694345633269 163.78143159324995 16
1694345633430 163.4558644559773 17
1694345633608 163.13101182862204 18
1694345633789 162.8068720770188 19
1694345634189 162.48344357082667 20
1694345634557 162.16072468352 21
1694345634868 161.83871379237954 22
1694345635128 161.5174092784833 23
1694345635373 161.19680952669754 24
1694345635598 160.8769129256679 25
1694345635749 160.55771786781042 26
1694345635907 160.2392227493025 27
1694345636105 159.9214259700742 28
1694345636315 159.60432593379903 29
