1694342714952 121.7875543865164 0
1694342715095 121.14882428829704 1
1694342715232 120.53074754065594 2
1694342715385 119.93068808631605 3
1694342715539 119.34645347459185 4
1694342715720 118.77621822009951 5
1694342715993 118.21846043299607 6
1694342716200 117.67190942213176 7
1694342716410 117.1355023706244 8
1694342716585 116.60834851253378 9
1694342716890 116.08969951147054 10
1694342717104 115.57892496699112 11
1694342717338 115.07549216067586 12
1694342717477 114.57894930760762 13
1694342717611 114.08891170614717 14
1694342717758 113.6050502840535 15
1694342717890 113.12708212593478 16
1694342718018 112.65476263889778 17
1694342718165 112.18787907269322 18
1694342718312 111.72624515979284 19
1694342718444 111.26969668145962 20
1694342718581 110.8180877994635 21
1694342718717 110.37128802086609 22
1694342718851 109.92917968626097 23
1694342718989 109.49165589083971 24
1694342719110 109.05861876335176 25
1694342719248 108.62997804100291 26
1694342719537 108.20564988906892 27
1694342719763 107.78555592287069 28
1694342719975 107.36962239709372 29
