1694339119885 3.966104647312235e+212 0
1694339119998 2.9167543984637927e+214 1
1694339120101 2.1574738665945276e+216 2
1694339120198 1.5952887893074571e+218 3
1694339120286 1.179620754557444e+220 4
1694339120368 8.722579271530406e+221 5
1694339120462 6.449818299549279e+223 6
1694339120559 4.7692493924238394e+225 7
1694339120675 3.52657062845268e+227 8
1694339120834 2.607685061928103e+229 9
1694339121082 1.928224924051594e+231 10
1694339121333 1.4258053673799158e+233 11
1694339121504 1.0542965814267212e+235 12
1694339121663 7.795883695196432e+236 13
1694339121790 5.764583103056733e+238 14
1694339122012 4.2625595315798215e+240 15
1694339122188 3.1519042115339523e+242 16
1694339122328 2.330641973463173e+244 17
1694339122437 1.7233683652539561e+246 18
1694339122547 1.274326368517641e+248 19
1694339122649 9.422870503138453e+249 20
1694339122746 6.967641156339125e+251 21
1694339122842 5.152147985833073e+253 22
1694339122939 3.80970091201865e+255 23
1694339123049 2.817042732263241e+257 24
1694339123167 2.0830322218633792e+259 25
1694339123294 1.540275973675085e+261 26
1694339123412 1.1389406511237016e+263 27
1694339123527 8.421775246464432e+264 28
1694339123611 6.227391939341543e+266 29
