1694342500716 2.3535596680327264e+44 0
1694342500930 5.0857570952411346e+45 1
1694342501082 1.0989706244160273e+47 2
1694342501198 2.37474267728449e+48 3
1694342501342 5.13153187160187e+49 4
1694342501453 1.108862008567659e+51 5
1694342501557 2.3961167635926387e+52 6
1694342501679 5.1777186885373295e+53 7
1694342501904 1.1188424214115839e+55 8
1694342502037 2.41768322933698e+56 9
1694342502170 5.22432121410153e+57 10
1694342502297 1.1289126638644114e+59 11
1694342502418 2.4394438060076818e+60 12
1694342502537 5.271343189913938e+61 13
1694342502667 1.1390735444456635e+63 14
1694342502946 2.4614002407177578e+64 15
1694342503168 5.31878839127444e+65 16
1694342503384 1.1493258789519899e+67 17
1694342503522 2.483554296305155e+68 18
1694342503687 5.3666606274628844e+69 19
1694342503950 1.1596704905227274e+71 20
1694342504164 2.5059077514745157e+72 21
1694342504323 5.414963742044926e+73 22
1694342504486 1.1701082097059481e+75 23
1694342504622 2.528462400939754e+76 24
1694342504752 5.463701613180442e+77 25
1694342504880 1.1806398745251389e+79 26
1694342504994 2.5512200555684036e+80 27
1694342505116 5.512878153935205e+81 28
1694342505241 1.1912663305464974e+83 29
