1694338604047 0.9036752804096029 0
1694338604156 0.8570221452501817 1
1694338604248 0.8141928289130662 2
1694338604338 0.7750425566287917 3
1694338604411 0.7392334335444894 4
1694338604483 0.7064694329103013 5
1694338604553 0.6764807611830016 6
1694338604621 0.6490221137225454 7
1694338604690 0.6238703897058938 8
1694338604790 0.6008226580308573 9
1694338604923 0.5796943088353563 10
1694338605016 0.5603173757930944 11
1694338605101 0.542539013220461 12
1694338605181 0.5262201136539434 13
1694338605260 0.5112340528821632 14
1694338605346 0.49746555062649 15
1694338605406 0.48480963616086686 16
1694338605472 0.4731707091561566 17
1694338605536 0.46246168693633743 18
1694338605591 0.4526032301520342 19
1694338605648 0.4435230396188754 20
1694338605706 0.43515521774114924 21
1694338605769 0.4274396885516513 22
1694338605831 0.4203216709522359 23
1694338605888 0.4137512002417937 24
1694338605941 0.407682693473858 25
1694338606003 0.40207455459920205 26
1694338606061 0.39688881572359386 27
1694338606119 0.3920908111508363 28
1694338606179 0.387648881189586 29
