1694339154099 169.44959084604966 0
1694339154193 137.08354225528421 1
1694339154286 111.33132676263645 2
1694339154382 90.44432906959764 3
1694339154476 73.50902709598863 4
1694339154577 59.77344589603186 5
1694339154674 48.63129639967039 6
1694339154787 39.59135920230475 7
1694339154907 32.255622422166525 8
1694339155012 26.301576368339955 9
1694339155120 21.46787410043692 10
1694339155235 17.54271756235369 11
1694339155365 14.354450872004923 12
1694339155579 11.76394102258706 13
1694339155732 9.658406128619813 14
1694339155884 7.946416015584502 15
1694339156032 6.553842305083569 16
1694339156146 5.420577534397946 17
1694339156261 4.497877168831031 18
1694339156390 3.746206153916842 19
1694339156540 3.1334941560990295 20
1694339156672 2.633721861484415 21
1694339156795 2.225775457557168 22
1694339156938 1.8925183719037906 23
1694339157068 1.6200390190149152 24
1694339157182 1.3970411433915675 25
1694339157288 1.2143496944848582 26
1694339157397 1.064510309813044 27
1694339157599 0.941464646373955 28
1694339157705 0.8402871729895314 29
