1694344028655 124.81705335139453 0
1694344028785 123.59170318033348 1
1694344028947 122.38003957354711 2
1694344029110 121.1802066868796 3
1694344029278 119.99234896770692 4
1694344029426 118.81610429153272 5
1694344029570 117.65159116553207 6
1694344029730 116.49846982844969 7
1694344029862 115.35684125659469 8
1694344030014 114.22638760286978 9
1694344030151 113.1071926240961 10
1694344030299 111.99895998876008 11
1694344030444 110.90175654092617 12
1694344030703 109.81530707223759 13
1694344030909 108.73966181638711 14
1694344031124 107.67456630180203 15
1694344031291 106.62005444989826 16
1694344031472 105.5758921454787 17
1694344031743 104.54209729154272 18
1694344031948 103.5184557547354 19
1694344032147 102.50496970932028 20
1694344032343 101.50146773330546 21
1694344032468 100.5078505479025 22
1694344032595 99.52407994608464 23
1694344032759 98.54998599609962 24
1694344032942 97.58553867046935 25
1694344033073 96.63058504350417 26
1694344033206 95.68508028809462 27
1694344033347 94.748889913928 28
1694344033502 93.82195455023334 29
