1694338837348 0.33386371489678474 0
1694338837427 0.33286800456823284 1
1694338837512 0.33197559604777 2
1694338837610 0.33117508624809777 3
1694338837717 0.3304564565704551 4
1694338837834 0.3298108845291981 5
1694338837918 0.3292305840029785 6
1694338838012 0.3287086693486461 7
1694338838102 0.3282390394625591 8
1694338838184 0.32781627856349677 9
1694338838257 0.327435571032935 10
1694338838317 0.3270926281067676 11
1694338838379 0.32678362458746313 12
1694338838444 0.32650514405299874 13
1694338838540 0.32625413129139796 14
1694338838611 0.32602785089762015 15
1694338838705 0.3258238511411084 16
1694338838824 0.32563993235421046 17
1694338839030 0.3254741192093032 18
1694338839176 0.3253246363501887 19
1694338839295 0.32518988692471684 20
1694338839421 0.32506843363352694 21
1694338839533 0.3249589819666569 22
1694338839727 0.3248603653474492 23
1694338839875 0.32477153194329234 24
1694338840008 0.3246915329365338 25
1694338840106 0.3246195120774815 26
1694338840229 0.32455469636561546 27
1694338840315 0.32449638772570666 28
1694338840384 0.32444395556305483 29
