1694345507833 124.75836804549593 0
1694345508007 123.52161032075333 1
1694345508211 122.29893295008988 2
1694345508406 121.08837932596518 3
1694345508755 119.88983919365202 4
1694345509052 118.70319324826625 5
1694345509382 117.52832342375717 6
1694345509654 116.36511282600908 7
1694345510068 115.2134457214911 8
1694345510284 114.07320752573018 9
1694345510448 112.94428479190033 10
1694345510631 111.82656519952478 11
1694345510837 110.7199375432908 12
1694345511027 109.62429172197528 13
1694345511209 108.53951872748058 14
1694345511372 107.46551063397912 15
1694345511576 106.4021605871659 16
1694345511756 105.34936279361762 17
1694345511921 104.30701251025772 18
1694345512299 103.27500603392595 19
1694345512625 102.25324069105153 20
1694345512902 101.24161482742883 21
1694345513200 100.2400277980948 22
1694345513566 99.24837995730675 23
1694345513819 98.26657264861983 24
1694345514002 97.29450819506295 25
1694345514209 96.33208988941234 26
1694345514362 95.37922198456177 27
1694345514506 94.43580968398823 28
1694345514662 93.50175913231264 29
