1694345219118 124.49251402028618 0
1694345219353 123.25829783133231 1
1694345219676 122.03818149124908 2
1694345220126 120.83016356016083 3
1694345220335 119.63413422308534 4
1694345220493 118.44997442023595 5
1694345220689 117.27756632909255 6
1694345220856 116.11679329665029 7
1694345221052 114.96753982809784 8
1694345221236 113.82969157531404 9
1694345221420 112.70313532548062 10
1694345221587 111.58775898980788 11
1694345221761 110.48345159237243 12
1694345221923 109.39010325906571 13
1694345222232 108.30760520665245 14
1694345222452 107.23584973193766 15
1694345222665 106.17473020104136 16
1694345222827 105.12414103877963 17
1694345223334 104.08397771815144 18
1694345223591 103.0541367499297 19
1694345223844 102.03451567235558 20
1694345224060 101.02501304093572 21
1694345224211 100.02552841834004 22
1694345224355 99.03596236440063 23
1694345224509 98.0562164262093 24
1694345224677 97.08619312831412 25
1694345224847 96.12579596301282 26
1694345225024 95.174929380743 27
1694345225219 94.23349878056743 28
1694345225386 93.30141050075416 29
