1694340906151 170.51509073364292 0
1694340906246 3964.5970827058245 1
1694340906354 16141209.097779566 2
1694340906455 67354474352.38609 3
1694340906581 281060578556572.22 4
1694340906693 1.1728255484206177e+18 5
1694340906799 4.894033073486648e+21 6
1694340906923 2.042209922577534e+25 7
1694340907043 8.521849577332095e+28 8
1694340907174 3.556045801942678e+32 9
1694340907290 1.4838869931652798e+36 10
1694340907484 6.192047940671014e+39 11
1694340907713 2.5838529400262497e+43 12
1694340907894 1.0782048329811206e+47 13
1694340908063 4.499194376952558e+50 14
1694340908197 1.87744938831637e+54 15
1694340908300 7.834327460368522e+57 16
1694340908402 3.269152667349654e+61 17
1694340908502 1.3641705962003082e+65 18
1694340908617 5.692488558652134e+68 19
1694340908736 2.375393963236203e+72 20
1694340908855 9.91217886947326e+75 21
1694340908980 4.1362103070505344e+79 22
1694340909093 1.7259813336137107e+83 23
1694340909201 7.202272957216348e+86 24
1694340909304 3.0054053737442973e+90 25
1694340909419 1.2541126272478992e+94 26
1694340909519 5.233232413713143e+97 27
1694340909623 2.1837529501666037e+101 28
1694340909737 9.11248836353085e+104 29
