1694345605461 94.71724894852365 0
1694345605696 92.96527680634583 1
1694345605872 91.25044020512657 2
1694345606076 89.57190902859922 3
1694345606436 87.92887229791572 4
1694345606679 86.32053772297778 5
1694345607222 84.74613126438118 6
1694345607510 83.20489670572009 7
1694345607775 81.69609523600609 8
1694345607989 80.21900504196088 9
1694345608184 78.77292090994864 10
1694345608363 77.35715383731844 11
1694345608562 75.97103065293363 12
1694345608733 74.61389364666965 13
1694345608919 73.28510020766745 14
1694345609088 71.98402247113438 15
1694345609259 70.71004697348957 16
1694345609420 69.4625743156557 17
1694345609559 68.24101883430372 18
1694345609720 67.04480828086142 19
1694345609858 65.87338350810187 20
1694345610149 64.7261981641315 21
1694345610414 63.602718393602245 22
1694345610589 62.502422545976174 23
1694345610775 61.424800890675364 24
1694345611112 60.369355338953355 25
1694345611335 59.33559917232895 26
1694345611530 58.32305677742629 27
1694345611677 57.33126338706945 28
1694345611818 56.359764827483005 29
