1694340783978 1.4643427240278349e+212 0
1694340784106 9.539503969448545e+213 1
1694340784244 6.21503647624692e+215 2
1694340784375 4.049131888051199e+217 3
1694340784484 2.638032659349071e+219 4
1694340784646 1.7186934150364915e+221 5
1694340784871 1.1197386220468651e+223 6
1694340785043 7.2951613751124665e+224 7
1694340785379 4.752839496743317e+226 8
1694340785513 3.096502204717161e+228 9
1694340785659 2.017388954621391e+230 10
1694340785804 1.3143404800514701e+232 11
1694340785948 8.563003646592925e+233 12
1694340786086 5.57884601170407e+235 13
1694340786209 3.634650188977794e+237 14
1694340786323 2.3679954543504285e+239 15
1694340786443 1.5427626264637416e+241 16
1694340786556 1.0051187037714151e+243 17
1694340786673 6.548406030465082e+244 18
1694340786775 4.266324104698328e+246 19
1694340786884 2.7795346350930647e+248 20
1694340786986 1.8108827641983012e+250 21
1694340787086 1.1798005120237272e+252 22
1694340787189 7.686468034763538e+253 23
1694340787297 5.007778030889122e+255 24
1694340787401 3.262596122593157e+257 25
1694340787504 2.125600095192314e+259 26
1694340787601 1.3848406590670729e+261 27
1694340787692 9.022316358297899e+262 28
1694340787781 5.878090878993132e+264 29
