1694345636760 159.61668053888613 0
1694345636922 159.30020800651346 1
1694345637110 158.9844293394951 2
1694345637298 158.66934295154851 3
1694345637520 158.3549472601031 4
1694345638091 158.04124068629162 5
1694345638491 157.72822165494108 6
1694345638723 157.41588859456428 7
1694345639010 157.10423993735105 8
1694345639225 156.79327411915935 9
1694345639427 156.48298957950672 10
1694345639657 156.1733847615617 11
1694345639835 155.86445811213488 12
1694345640036 155.55620808167055 13
1694345640204 155.24863312423815 14
1694345640372 154.94173169752327 15
1694345640556 154.63550226281953 16
1694345640749 154.3299432850197 17
1694345640886 154.02505323260755 18
1694345641100 153.7208305776489 19
1694345641414 153.41727379578356 20
1694345641692 153.11438136621638 21
1694345642014 152.81215177170935 22
1694345642258 152.51058349857274 23
1694345642513 152.20967503665707 24
1694345642762 151.90942487934424 25
1694345642964 151.6098315235396 26
1694345643116 151.3108934696635 27
1694345643264 151.01260922164286 28
1694345643433 150.71497728690284 29
