1694343594925 150.67798580880574 0
1694343595219 150.37969943514062 1
1694343595463 150.08200743285857 2
1694343595753 149.7849086145652 3
1694343596114 149.48840179524223 4
1694343596334 149.1924857922425 5
1694343596568 148.89715942528517 6
1694343596835 148.60242151645102 7
1694343597090 148.30827089017788 8
1694343597330 148.01470637325573 9
1694343597562 147.721726794822 10
1694343597795 147.42933098635694 11
1694343598058 147.13751778167892 12
1694343598313 146.84628601693962 13
1694343598569 146.55563453061953 14
1694343598849 146.26556216352327 15
1694343599042 145.97606775877472 16
1694343599247 145.6871501618127 17
1694343599611 145.39880822038597 18
1694343599871 145.11104078454895 19
1694343600131 144.82384670665687 20
1694343600531 144.53722484136128 21
1694343600850 144.25117404560532 22
1694343601109 143.96569317861935 23
1694343601331 143.6807811019161 24
1694343601549 143.3964366792863 25
1694343601800 143.11265877679398 26
1694343602056 142.82944626277208 27
1694343602280 142.54679800781776 28
1694343602500 142.26471288478785 29
