1694341303138 0.5964524178468893 0
1694341303304 0.5351409910759563 1
1694341303447 0.48545313156965025 2
1694341303569 0.44518282978761387 3
1694341303807 0.4125430125093912 4
1694341303984 0.38608595470763724 5
1694341304189 0.3646388146257933 6
1694341304360 0.3472514179834701 7
1694341304489 0.3331539634833987 8
1694341304605 0.32172276421647206 9
1694341304727 0.3124524978922471 10
1694341304858 0.3049337290455601 11
1694341304975 0.29883470143157165 12
1694341305088 0.2938865892065013 13
1694341305197 0.28987154969151174 14
1694341305297 0.2866130454103571 15
1694341305411 0.28396800424793855 16
1694341305525 0.2818204685083936 17
1694341305625 0.28007645001177356 18
1694341305739 0.27865976211726495 19
1694341305853 0.2775086430952146 20
1694341305963 0.27657302053130634 21
1694341306079 0.27581229500647536 22
1694341306193 0.27519354442905963 23
1694341306383 0.2746900691327308 24
1694341306663 0.27428021303034883 25
1694341306893 0.27394640840668005 26
1694341307052 0.2736744018899542 27
1694341307191 0.2734526272073818 28
1694341307423 0.2732716968625427 29
