1694343673301 169.4596876308774 0
1694343673587 166.06832249197225 1
1694343673768 162.79561383867633 2
1694343674228 159.58776666773457 3
1694343674471 156.44567655924206 4
1694343674673 153.36584243890192 5
1694343674895 150.34702797473716 6
1694343675113 147.3880214182978 7
1694343675352 144.4876351154468 8
1694343675601 141.64470502688775 9
1694343675901 138.85832989988947 10
1694343676114 136.12715611848554 11
1694343676326 133.45008736809532 12
1694343676723 130.8260491378709 13
1694343677035 128.25372876855957 14
1694343677253 125.73260676254911 15
1694343677447 123.2614185834822 16
1694343677702 120.8391726701307 17
1694343677929 118.46489717989732 18
1694343678159 116.13736477434016 19
1694343678408 113.85618584639826 20
1694343678644 111.61995966575255 21
1694343678878 109.42821423217173 22
1694343679097 107.27986308566867 23
1694343679339 105.17404469455003 24
1694343679549 103.1099146578902 25
1694343679793 101.08610848457599 26
1694343680085 99.10287615462838 27
1694343680515 97.15889910360832 28
1694343680840 95.25339808610354 29
