1694346188316 168.32144982146755 0
1694346188594 168.3046300935582 1
1694346188940 168.28782196291198 2
1694346189206 168.27101568236114 3
1694346189502 168.25421125250554 4
1694346189670 168.23740867313282 5
1694346189828 168.22060794403066 6
1694346190002 168.2038090649868 7
1694346190208 168.18701203578894 8
1694346190376 168.1702168562249 9
1694346190598 168.15342352608246 10
1694346190775 168.1366320451494 11
1694346191011 168.11984241321355 12
1694346191236 168.10305463006284 13
1694346191568 168.0862686954851 14
1694346192015 168.06948460926827 15
1694346192285 168.05270237120033 16
1694346192524 168.0359219810692 17
1694346192773 168.01914343866287 18
1694346192949 168.00236674376933 19
1694346193109 167.9855918961767 20
1694346193410 167.968818895673 21
1694346193579 167.9520477420463 22
1694346193756 167.9352784350847 23
1694346193968 167.9185109745764 24
1694346194139 167.90174536030952 25
1694346194372 167.8849815920723 26
1694346194532 167.86821966965292 27
1694346194673 167.8514595928396 28
1694346194839 167.83470136142063 29
