1694343881824 150.67847355226942 0
1694343882128 150.38018644108976 1
1694343882545 150.08249370229387 2
1694343882798 149.78539414848646 3
1694343883117 149.4888865946484 4
1694343883414 149.19296985813145 5
1694343883622 148.8976427586539 6
1694343883923 148.6029041182957 7
1694343884165 148.30875276149362 8
1694343884421 148.01518751503673 9
1694343884668 147.72220720806163 10
1694343884898 147.42981067204752 11
1694343885086 147.13799674081187 12
1694343885264 146.84676425050543 13
1694343885486 146.55611203960783 14
1694343885757 146.2660389489226 15
1694343886180 145.97654382157282 16
1694343886426 145.68762550299627 17
1694343886744 145.3992828409409 18
1694343887069 145.11151468546007 19
1694343887325 144.82431988890812 20
1694343887531 144.53769730593567 21
1694343887710 144.25164579348493 22
1694343888027 143.96616421078522 23
1694343888258 143.68125141934846 24
1694343888500 143.39690628296432 25
1694343888750 143.113127667696 26
1694343889078 142.82991444187545 27
1694343889300 142.5472654760988 28
1694343889693 142.26517964322213 29
