1694344658035 169.089027582395 0
1694344658213 165.73195717333064 1
1694344658373 162.44166552176108 2
1694344658570 159.21682399416446 3
1694344658774 156.0561303976053 4
1694344658992 152.95830845340873 5
1694344659242 149.92210728131496 6
1694344659615 146.9463008939057 7
1694344659951 144.0296877010977 8
1694344660198 141.17109002450306 9
1694344660402 138.36935362145903 10
1694344660588 135.62334721853617 11
1694344660795 132.93196205433418 12
1694344660990 130.29411143138194 13
1694344661170 127.70873027695971 14
1694344661343 125.17477471266575 15
1694344661536 122.69122163255331 16
1694344661862 120.25706828966736 17
1694344662111 117.87133189081364 18
1694344662310 115.53304919939599 19
1694344662498 113.24127614616131 20
1694344662752 110.99508744769484 21
1694344663043 108.79357623251104 22
1694344663257 106.63585367458894 23
1694344663438 104.52104863420384 24
1694344663635 102.44830730590984 25
1694344663826 100.41679287353071 26
1694344664003 98.4256851720199 27
1694344664156 96.47418035605222 28
1694344664302 94.561490575214 29
