1694345807821 159.61668053888613 0
1694345807965 159.3002080065135 1
1694345808120 158.98442933949514 2
1694345808296 158.66934295154851 3
1694345808640 158.3549472601031 4
1694345808876 158.04124068629162 5
1694345809149 157.72822165494108 6
1694345809421 157.41588859456428 7
1694345809671 157.10423993735105 8
1694345809884 156.79327411915935 9
1694345810065 156.48298957950672 10
1694345810247 156.17338476156164 11
1694345810405 155.86445811213488 12
1694345810544 155.55620808167058 13
1694345810689 155.24863312423815 14
1694345810833 154.94173169752327 15
1694345811006 154.6355022628195 16
1694345811144 154.3299432850197 17
1694345811282 154.02505323260755 18
1694345811432 153.7208305776489 19
1694345811604 153.41727379578356 20
1694345811771 153.11438136621638 21
1694345811925 152.81215177170932 22
1694345812068 152.51058349857274 23
1694345812358 152.20967503665705 24
1694345812581 151.9094248793442 25
1694345812779 151.6098315235396 26
1694345812955 151.3108934696635 27
1694345813208 151.01260922164286 28
1694345813418 150.71497728690287 29
