1694345124813 124.49251402028618 0
1694345124990 123.2582978313323 1
1694345125187 122.03818149124908 2
1694345125385 120.8301635601608 3
1694345125751 119.63413422308531 4
1694345126030 118.44997442023595 5
1694345126377 117.27756632909251 6
1694345126617 116.11679329665027 7
1694345126875 114.96753982809783 8
1694345127056 113.82969157531404 9
1694345127247 112.70313532548063 10
1694345127432 111.58775898980791 11
1694345127611 110.48345159237243 12
1694345127802 109.39010325906571 13
1694345127965 108.30760520665244 14
1694345128140 107.23584973193768 15
1694345128313 106.17473020104136 16
1694345128466 105.12414103877963 17
1694345128647 104.08397771815144 18
1694345128817 103.05413674992968 19
1694345128984 102.03451567235557 20
1694345129314 101.02501304093569 21
1694345129578 100.02552841834004 22
1694345129772 99.0359623644006 23
1694345129976 98.05621642620929 24
1694345130289 97.0861931283141 25
1694345130534 96.12579596301282 26
1694345130714 95.17492938074298 27
1694345130904 94.23349878056742 28
1694345131070 93.30141050075414 29
