1694342782282 2.8854150973523198e+88 0
1694342782520 5.870931538504405e+87 1
1694342782772 4.890765458189428e+87 2
1694342783109 7.990921261938478e+86 3
1694342783333 8.469782832093042e+86 4
1694342783519 1.0278060568283792e+86 5
1694342783861 1.506714391787783e+86 6
1694342784189 1.2318403559131644e+85 7
1694342784368 2.7855153157270742e+85 8
1694342784579 1.5595426290354538e+84 9
1694342784795 5.570920226222268e+84 10
1694342785009 4.5982192360553327e+83 11
1694342785224 1.3897514881084314e+84 12
1694342785444 3.712896325011327e+83 13
1694342785669 5.701041121891465e+83 14
1694342785842 3.594146471284278e+83 15
1694342786045 3.9653274004627387e+83 16
1694342786291 3.48808835347702e+83 17
1694342786720 3.5209713032409167e+83 18
1694342786986 3.381101926388562e+83 19
1694342787306 3.348058088695664e+83 20
1694342787527 3.2810997936930644e+83 21
1694342787882 3.237489017374978e+83 22
1694342788181 3.188075255712775e+83 23
1694342788400 3.1445022259015045e+83 24
1694342788604 3.1006771124783286e+83 25
1694342788846 3.058926430735178e+83 26
1694342789093 3.017944009247645e+83 27
1694342789348 2.978165819389396e+83 28
1694342789580 2.9392867346586103e+83 29
