1694342744950 163.2187721730415 0
1694342745153 163.10142005413144 1
1694342745297 162.98445121410435 2
1694342745447 162.86786084677604 3
1694342745588 162.75164422970465 4
1694342745905 162.63579672268224 5
1694342746158 162.52031376625473 6
1694342746370 162.40519088026767 7
1694342746556 162.29042366243885 8
1694342746764 162.17600778695632 9
1694342747015 162.06193900310194 10
1694342747220 161.94821313389969 11
1694342747389 161.83482607478848 12
1694342747503 161.72177379231871 13
1694342747617 161.60905232287254 14
1694342747731 161.49665777140743 15
1694342747868 161.38458631022178 16
1694342747990 161.27283417774368 17
1694342748108 161.1613976773407 18
1694342748224 161.05027317615188 19
1694342748349 160.93945710394019 20
1694342748475 160.82894595196632 21
1694342748606 160.71873627188222 22
1694342748749 160.60882467464506 23
1694342748890 160.49920782945054 24
1694342749004 160.38988246268565 25
1694342749125 160.2808453569 26
1694342749263 160.1720933497962 27
1694342749495 160.06362333323813 28
1694342749723 159.95543225227723 29
