1694340780179 2.0517731324686476e+108 0
1694340780261 6.316615864706859e+111 1
1694340780374 1.9446420446231532e+115 2
1694340780477 5.986801735096613e+118 3
1694340780575 1.8431050133085918e+122 4
1694340780684 5.6742084344779926e+125 5
1694340780814 1.7468696100014635e+129 6
1694340780925 5.377936798734114e+132 7
1694340781157 1.65565901688302e+136 8
1694340781356 5.097134612722264e+139 9
1694340781500 1.5692108698277399e+143 10
1694340781625 4.83099415863846e+146 11
1694340781754 1.4872765037219609e+150 12
1694340781933 4.578749892644959e+153 13
1694340782106 1.4096202371872803e+157 14
1694340782248 4.339676242809809e+160 15
1694340782364 1.3360186946511397e+164 16
1694340782476 4.113085522024204e+167 17
1694340782596 1.2662601638147394e+171 18
1694340782687 3.8983259498942605e+174 19
1694340782775 1.2001439866698944e+178 20
1694340782884 3.6947797779171714e+181 21
1694340782991 1.137479982313202e+185 22
1694340783099 3.5018615125489865e+188 23
1694340783206 1.0780878998972414e+192 24
1694340783307 3.319016231052581e+195 25
1694340783413 1.021796900145198e+199 26
1694340783518 3.145717985281506e+202 27
1694340783623 9.684450639376003e+205 28
1694340783734 2.9814682888083786e+209 29
