1694337723765 0.3338314917866025 0
1694337723811 0.3328379270314503 1
1694337723929 0.3319475025071605 2
1694337723989 0.3311488296611522 3
1694337724053 0.33043190282731427 4
1694337724109 0.3297879110602391 5
1694337724164 0.329209078565465 6
1694337724219 0.3286885289665692 7
1694337724272 0.3282201694977539 8
1694337724447 0.327798591899478 9
1694337724522 0.3274189873557147 10
1694337724592 0.3270770732692921 11
1694337724661 0.32676903004632674 12
1694337724729 0.3264914463677719 13
1694337724796 0.32624127167834316 14
1694337724866 0.32601577483077426 15
1694337724922 0.3258125079947274 16
1694337724986 0.325629275081432 17
1694337725045 0.32546410405261544 18
1694337725093 0.3253152225799101 19
1694337725172 0.3251810366022124 20
1694337725333 0.3250601113963352 21
1694337725413 0.3249511548330755 22
1694337725500 0.32485300253845584 23
1694337725571 0.3247646047199456 24
1694337725653 0.3246850144512384 25
1694337725716 0.32461337723770195 26
1694337725763 0.32454892170879496 27
1694337725810 0.3244909513042955 28
1694337725843 0.32443883683868685 29
