1694340761975 8.396579560820895e+107 0
1694340762089 2.5849820734975825e+111 1
1694340762210 7.958161351567027e+114 2
1694340762355 2.4500104952206195e+118 3
1694340762570 7.542635995322322e+121 4
1694340762750 2.322086287749104e+125 5
1694340762895 7.148806771394522e+128 6
1694340763016 2.200841481402258e+132 7
1694340763140 6.775540843602945e+135 8
1694340763351 2.0859273196760039e+139 9
1694340763498 6.421764525379192e+142 10
1694340763661 1.9770132559471926e+146 11
1694340763783 6.086460191344583e+149 12
1694340763882 1.873786002667638e+153 13
1694340763980 5.7686633501459415e+156 14
1694340764083 1.775948630203297e+160 15
1694340764187 5.46745987012948e+163 16
1694340764293 1.683219712726395e+167 17
1694340764418 5.181983349872525e+170 18
1694340764531 1.5953325187037576e+174 19
1694340764642 4.91141262600985e+177 20
1694340764756 1.5120342436527677e+181 21
1694340764855 4.6549694111854654e+184 22
1694340764943 1.433085282957959e+188 23
1694340765041 4.411916055335913e+191 24
1694340765130 1.3582585426565993e+195 25
1694340765225 4.181553423865321e+198 26
1694340765317 1.2873387862107838e+202 27
1694340765420 3.9632188866087666e+205 28
1694340765529 1.2201220153869131e+209 29
