1694343625650 169.45498993007277 0
1694343625853 169.42090718475458 1
1694343626090 169.3868312805238 2
1694343626350 169.35276221600975 3
1694343626784 169.31869998984192 4
1694343627086 169.28464460065018 5
1694343627400 169.25059604706465 6
1694343627658 169.21655432771564 7
1694343627900 169.18251944123392 8
1694343628085 169.14849138625033 9
1694343628299 169.1144701613961 10
1694343628572 169.08045576530273 11
1694343628822 169.04696716188658 12
1694343629260 169.0134852288178 13
1694343629587 168.98000996476503 14
1694343630015 168.9465413683971 15
1694343630349 168.91307943838314 16
1694343630587 168.8796241733927 17
1694343630842 168.84617557209532 18
1694343631092 168.8127336331611 19
1694343631325 168.77929835526018 20
1694343631643 168.74586973706312 21
1694343631904 168.71244777724053 22
1694343632149 168.67903247446355 23
1694343632396 168.64562382740345 24
1694343632847 168.61222183473177 25
1694343633127 168.57882649512032 26
1694343633402 168.5454378072412 27
1694343633701 168.5120557697667 28
1694343634018 168.47868038136951 29
