1694338922364 0.7133417634957977 0
1694338922462 0.673093534890213 1
1694338922573 0.6361976886361984 2
1694338922688 0.6027432227167216 3
1694338922809 0.572391034325718 4
1694338922936 0.5448541555040683 5
1694338923036 0.5198712435922365 6
1694338923114 0.4972052741689823 7
1694338923212 0.47664122857075514 8
1694338923296 0.4579840523664756 9
1694338923387 0.4410568007899382 10
1694338923525 0.42569895665058904 11
1694338923750 0.4117649045445995 12
1694338923883 0.39912254684163273 13
1694338924037 0.3876520482668669 14
1694338924166 0.37724469712417896 15
1694338924287 0.36780187231829453 16
1694338924416 0.35923410634211006 17
1694338924609 0.3514602353099087 18
1694338924756 0.3444066279466349 19
1694338924919 0.3380064861956325 20
1694338925059 0.3321992107894879 21
1694338925179 0.3269298257474154 22
1694338925285 0.3221484563237976 23
1694338925372 0.3178098554415341 24
1694338925469 0.3138729741054657 25
1694338925570 0.31030057170989056 26
1694338925654 0.3070588625339554 27
1694338925733 0.30411719506315604 28
1694338925835 0.30144776108762267 29
