1694346081573 168.76489878620242 0
1694346081718 168.73122945022223 1
1694346081874 168.69756751913954 2
1694346082088 168.66391299125806 3
1694346082397 168.63026586488186 4
1694346082642 168.5966261383154 5
1694346082942 168.56299380986354 6
1694346083149 168.52936887783162 7
1694346083513 168.49575134052523 8
1694346083752 168.46214119625043 9
1694346083908 168.4285384433137 10
1694346084073 168.39494308002193 11
1694346084296 168.3613551046823 12
1694346084449 168.32777451560253 13
1694346084589 168.2942013110906 14
1694346084737 168.26063548945498 15
1694346084905 168.22707704900458 16
1694346085112 168.1935259880485 17
1694346085261 168.15998230489646 18
1694346085415 168.1264459978585 19
1694346085580 168.09291706524496 20
1694346085738 168.05939550536667 21
1694346086094 168.02588131653496 22
1694346086515 167.99237449706135 23
1694346086788 167.9588750452578 24
1694346087224 167.9253829594368 25
1694346087408 167.89189823791114 26
1694346087577 167.85842087899397 27
1694346087812 167.82495088099887 28
1694346088039 167.79148824223986 29
