1694342709721 141.74505125095766 0
1694342709909 140.97297962576408 1
1694342710058 140.2104414138252 2
1694342710199 139.4572843168343 3
1694342710341 138.7133630749824 4
1694342710482 137.978535652669 5
1694342710614 137.25266248496436 6
1694342710844 136.53560630415697 7
1694342710989 135.827232076654 8
1694342711113 135.12740696128148 9
1694342711241 134.43600027213182 10
1694342711377 133.75288344275995 11
1694342711523 133.07792999111328 12
1694342711640 132.4110154850723 13
1694342711800 131.7520175085693 14
1694342712002 131.10081562827247 15
1694342712248 130.45729136082468 16
1694342712452 129.82132814062768 17
1694342712642 129.19281128816252 18
1694342712815 128.57162797883743 19
1694342713107 127.9576672123539 20
1694342713325 127.35081978258313 21
1694342713545 126.7509782479432 22
1694342713688 126.15803690226963 23
1694342713828 125.57189174617068 24
1694342713962 124.992440458859 25
1694342714143 124.41958237045223 26
1694342714296 123.85321843473446 27
1694342714466 123.29325120237068 28
1694342714622 122.73958479456707 29
