1694341224943 169.08902758239503 0
1694341225078 137.0359812026933 1
1694341225242 111.07055801636226 2
1694341225379 90.03636468806424 3
1694341225511 72.9967179185856 4
1694341225642 59.19289074437498 5
1694341225773 48.01029594604879 6
1694341225908 38.95109724406674 7
1694341226035 31.612026099641692 8
1694341226215 25.66641442124678 9
1694341226588 20.84964171352589 10
1694341226789 16.94734762253222 11
1694341226972 13.785884249322562 12
1694341227144 11.224582543637856 13
1694341227297 9.149488019550791 14
1694341227415 7.468286573214307 15
1694341227544 6.106194257941543 16
1694341227648 5.00262785491333 17
1694341227751 4.108507888604205 18
1694341227865 3.384073928922742 19
1694341227969 2.7971148556643164 20
1694341228094 2.3215352542937557 21
1694341228231 1.9361940905534047 22
1694341228357 1.6239639431945954 23
1694341228467 1.3709689004247585 24
1694341228571 1.165967184699801 25
1694341228711 0.99985101718909 26
1694341228944 0.8652414550343785 27
1694341229146 0.7561601642034758 28
1694341229299 0.667763516841014 29
