1694345226273 92.28949072982388 0
1694345226497 91.37508380414414 1
1694345226906 90.47010554787667 2
1694345227288 89.57411968504474 3
1694345227624 88.68703974979645 4
1694345227825 87.80877714717616 5
1694345227995 86.9392441859519 6
1694345228166 86.07835404741323 7
1694345228361 85.22602077683614 8
1694345228551 84.38215927487704 9
1694345228711 83.54668528905376 10
1694345228894 82.71951540531128 11
1694345229084 81.90056703967171 12
1694345229511 81.08975842996739 13
1694345229824 80.28700862765655 14
1694345230103 79.49223748972042 15
1694345230481 78.70536567064123 16
1694345230721 77.9263146144601 17
1694345230951 77.15500654691414 18
1694345231141 76.39136446765198 19
1694345231343 75.6353121425268 20
1694345231512 74.88677409596623 21
1694345231689 74.14567560341834 22
1694345231849 73.41194268387294 23
1694345232032 72.68550209245734 24
1694345232217 71.96628131310605 25
1694345232374 71.25420855130332 26
1694345232526 70.54921272689832 27
1694345232700 69.85122346699174 28
1694345232896 69.16017109889329 29
