1694345612230 55.324128224875786 0
1694345612384 54.39195122462206 1
1694345612540 53.47879710212932 2
1694345612725 52.584250252855824 3
1694345612928 51.707904539721376 4
1694345613066 50.84936307227783 5
1694345613228 50.00823799109774 6
1694345613448 49.18415025725673 7
1694345613947 48.37672944678885 8
1694345614176 47.58561354999594 9
1694345614379 46.81044877549602 10
1694345614573 46.05088935889781 11
1694345614814 45.306597375991174 12
1694345614982 44.577242560346306 13
1694345615154 43.86250212521666 14
1694345615309 43.16206058964335 15
1694345615509 42.47560960866106 16
1694345615645 41.802847807508 17
1694345615778 41.14348061974475 18
1694345615922 40.49722012918892 19
1694345616077 39.86378491557522 20
1694345616281 39.24289990385214 21
1694345616482 38.63429621702891 22
1694345616627 38.03771103248852 23
1694345616773 37.452887441684304 24
1694345616972 36.87957431313979 25
1694345617281 36.31752615867332 26
1694345617547 35.766503002770946 27
1694345617811 35.22627025503281 28
1694345618021 34.69659858561996 29
