1694346280971 168.32144982146752 0
1694346281438 168.30463009355816 1
1694346281861 168.28782196291198 2
1694346282194 168.2710156823611 3
1694346282515 168.25421125250554 4
1694346282847 168.23740867313282 5
1694346283087 168.22060794403066 6
1694346283251 168.2038090649868 7
1694346283430 168.18701203578894 8
1694346283641 168.17021685622493 9
1694346283784 168.15342352608243 10
1694346283943 168.1366320451494 11
1694346284088 168.11984241321358 12
1694346284352 168.10305463006284 13
1694346284526 168.0862686954851 14
1694346284733 168.06948460926833 15
1694346285033 168.05270237120035 16
1694346285406 168.0359219810692 17
1694346285691 168.01914343866284 18
1694346286045 168.00236674376933 19
1694346286278 167.9855918961767 20
1694346286470 167.968818895673 21
1694346286654 167.9520477420463 22
1694346286803 167.9352784350847 23
1694346287000 167.9185109745764 24
1694346287181 167.90174536030952 25
1694346287340 167.8849815920723 26
1694346287519 167.8682196696529 27
1694346287680 167.8514595928396 28
1694346287867 167.83470136142066 29
