1694346050543 159.94923622861674 0
1694346050707 159.63204654538393 1
1694346050881 159.3155523524496 2
1694346051047 158.99975205974476 3
1694346051204 158.68464408092154 4
1694346051378 158.37022683334402 5
1694346051722 158.05649873807985 6
1694346052109 157.74345821989112 7
1694346052353 157.43110370722576 8
1694346052524 157.11943363220894 9
1694346052670 156.80844643063412 10
1694346052829 156.4981405419544 11
1694346053052 156.18851440927403 12
1694346053209 155.87956647933956 13
1694346053363 155.57129520253136 14
1694346053508 155.2636990328549 15
1694346053656 154.9567764279322 16
1694346053875 154.65052584899328 17
1694346054076 154.3449457608676 18
1694346054265 154.04003463197554 19
1694346054452 153.73579093431994 20
1694346054665 153.43221314347744 21
1694346054903 153.1292997385902 22
1694346055129 152.82704920235753 23
1694346055560 152.5254600210271 24
1694346055850 152.22453068438685 25
1694346056258 151.9242596857566 26
1694346056605 151.62464552197946 27
1694346056891 151.3256866934138 28
1694346057130 151.0273817039246 29
