1694344851043 169.44982730426835 0
1694344851202 166.08560136344246 1
1694344851383 162.78829701201724 2
1694344851546 159.55658275044456 3
1694344851724 156.389153577549 4
1694344851897 153.28473046303085 5
1694344852110 150.24205983047378 6
1694344852414 147.25991305064744 7
1694344852663 144.33708594490034 8
1694344852878 141.4723982984413 9
1694344853056 138.6646933833136 10
1694344853217 135.91283749086742 11
1694344853377 133.21571947354246 12
1694344853526 130.5722502957745 13
1694344853678 127.98136259384455 14
1694344853852 125.44201024449247 15
1694344854009 122.95316794212003 16
1694344854167 120.51383078441296 17
1694344854346 118.12301386621385 18
1694344854505 115.7797518814813 19
1694344854684 113.48309873317515 20
1694344855016 111.23212715090884 21
1694344855275 109.02592831621497 22
1694344855479 106.86361149527208 23
1694344855647 104.74430367894385 24
1694344855962 102.66714922998568 25
1694344856242 100.63130953727519 26
1694344856474 98.63596267692712 27
1694344856651 96.6803030801556 28
1694344856790 94.76354120774891 29
