1694345839789 167.33396042331043 0
1694345840010 167.3005566605423 1
1694345840260 167.26716025287888 2
1694345840557 167.23377119863267 3
1694345840766 167.20038949611654 4
1694345841007 167.16701514364374 5
1694345841207 167.13364813952785 6
1694345841391 167.10028848208307 7
1694345841561 167.06693616962374 8
1694345841736 167.03359120046483 9
1694345841914 167.00025357292142 10
1694345842093 166.96692328530935 11
1694345842308 166.9336003359445 12
1694345842471 166.90028472314341 13
1694345842635 166.8669764452228 14
1694345842782 166.83367550049996 15
1694345842941 166.8003818872925 16
1694345843254 166.76709560391845 17
1694345843497 166.73381664869615 18
1694345843680 166.70054501994449 19
1694345843846 166.66728071598263 20
1694345844129 166.63402373513014 21
1694345844347 166.60077407570702 22
1694345844530 166.5675317360337 23
1694345844674 166.5342967144308 24
1694345844803 166.50106900921975 25
1694345844946 166.46784861872186 26
1694345845086 166.43463554125924 27
1694345845267 166.4014297751542 28
1694345845402 166.36823131872944 29
