1694338795673 170.51047969501263 0
1694338795756 3952.070008991838 1
1694338795828 16088959.689833954 2
1694338795918 67136445281.71731 3
1694338795973 280150774458082.62 4
1694338796044 1.1690290661951616e+18 5
1694338796133 4.878190896788407e+21 6
1694338796236 2.0355992090897855e+25 7
1694338796329 8.494264016553743e+28 8
1694338796423 3.544534742434994e+32 9
1694338796546 1.4790835928627075e+36 10
1694338796676 6.172004039020322e+39 11
1694338796808 2.5754889068814854e+43 12
1694338796928 1.074714641716674e+47 13
1694338797019 4.484630308576004e+50 14
1694338797193 1.8713720111296894e+54 15
1694338797363 7.80896743560465e+57 16
1694338797496 3.258570292152773e+61 17
1694338797651 1.3597547225625548e+65 18
1694338797802 5.674061750282738e+68 19
1694338797901 2.3677047199621265e+72 20
1694338798007 9.880092758334148e+75 21
1694338798091 4.1228212323219415e+79 22
1694338798170 1.720394264451266e+83 23
1694338798252 7.178958917629088e+86 24
1694338798334 2.9956767588645925e+90 25
1694338798396 1.2500530155652795e+94 26
1694338798480 5.216292235468392e+97 27
1694338798552 2.176684056356075e+101 28
1694338798633 9.082990881873605e+104 29
