1694341279122 0.5964627097715016 0
1694341279288 0.5351494662255533 1
1694341279421 0.48546012013010315 2
1694341279550 0.44518860082459255 3
1694341279764 0.4125477854089256 4
1694341280022 0.38608990846099145 5
1694341280209 0.3646420953664321 6
1694341280356 0.3472541451065748 7
1694341280494 0.3331562346157566 8
1694341280619 0.32172465925382354 9
1694341280735 0.31245408228004695 10
1694341280868 0.30493505644581365 11
1694341281000 0.298835815891397 12
1694341281112 0.2938875269222054 13
1694341281218 0.28987234044423094 14
1694341281322 0.28661371373495054 15
1694341281451 0.2839685703851765 16
1694341281571 0.2818209491810376 17
1694341281691 0.2800768590574954 18
1694341281811 0.27866011100514565 19
1694341281914 0.2775089413475306 20
1694341282028 0.2765732760682304 21
1694341282149 0.27581251442801097 22
1694341282261 0.2751937332458389 23
1694341282402 0.27469023195513115 24
1694341282599 0.2742803537236124 25
1694341282800 0.27394653021828785 26
1694341282963 0.27367450755433764 27
1694341283148 0.27345271903211255 28
1694341283290 0.27327177679937226 29
