1694344470287 92.93424844449969 0
1694344470592 91.09118400406734 1
1694344470803 89.28479126674826 2
1694344471021 87.51434039305065 3
1694344471210 85.7791160717132 4
1694344471482 84.07841723044406 5
1694344471631 82.41155675242035 6
1694344471837 80.77786119843383 7
1694344472090 79.17667053457001 8
1694344472474 77.60733786531047 9
1694344472696 76.06922917195043 10
1694344472892 74.56172305622566 11
1694344473059 73.08421048904496 12
1694344473254 71.63609456422643 13
1694344473777 70.21679025713803 14
1694344474054 68.82572418814446 15
1694344474292 67.46233439076488 16
1694344474692 66.12607008444748 17
1694344474993 64.81639145186894 18
1694344475188 63.53276942066881 19
1694344475355 62.27468544953013 20
1694344475519 61.04163131852005 21
1694344475695 59.83310892360546 22
1694344475895 58.64863007526044 23
1694344476067 57.487716301084 24
1694344476231 56.3498986523484 25
1694344476405 55.23471751439954 26
1694344476602 54.14172242083285 27
1694344476754 53.07047187136935 28
1694344476949 52.02053315335836 29
