1694344477820 50.90926099215452 0
1694344478086 49.90087208968774 1
1694344478319 48.91257786083869 2
1694344478483 47.94397764384563 3
1694344478723 46.99467877055354 4
1694344478880 46.06429640681182 5
1694344479057 45.15245339606172 6
1694344479220 44.25878010605 7
1694344479385 43.3829142786058 8
1694344479548 42.52450088241992 9
1694344479719 41.68319196876591 10
1694344479860 40.85864653010463 11
1694344480006 40.05053036151413 12
1694344480175 39.25851592488859 13
1694344480353 38.48228221585085 14
1694344480612 37.721514633324176 15
1694344480929 36.975904851710126 16
1694344481228 36.24515069562039 17
1694344481483 35.52895601711143 18
1694344481734 34.82703057537193 19
1694344481944 34.139089918813944 20
1694344482140 33.46485526951974 21
1694344482332 32.80405340999707 22
1694344482509 32.15641657219681 23
1694344482703 31.521682328747747 24
1694344482881 30.89959348636401 25
1694344483043 30.289897981381923 26
1694344483207 29.692348777383422 27
1694344483367 29.106703764864584 28
1694344483518 28.532725662908128 29
