1694342619306 141.7430642731897 0
1694342619487 140.97117877634656 1
1694342619622 140.2088230194441 2
1694342619761 139.4558448997184 3
1694342619893 138.71209924243968 4
1694342620019 137.9774440753567 5
1694342620156 137.25173989197503 6
1694342620282 136.53484948130193 7
1694342620484 135.82663786536548 8
1694342620666 135.12697225764487 9
1694342620808 134.43572202595544 10
1694342620942 133.7527586566644 11
1694342621090 133.07795571963692 12
1694342621206 132.4111888337916 13
1694342621321 131.7523356332345 14
1694342621586 131.1012757339574 15
1694342621780 130.45789070109103 16
1694342621979 129.8220640167032 17
1694342622140 129.19368104813321 18
1694342622291 128.57262901685314 19
1694342622571 127.95879696784755 20
1694342622774 127.35207573950261 21
1694342622970 126.75235793399662 22
1694342623149 126.15953788818312 23
1694342623293 125.57351164495851 24
1694342623417 124.99417692510623 25
1694342623545 124.42143309960926 26
1694342623652 123.85518116242349 27
1694342623770 123.29532370370391 28
1694342623896 122.74176488347618 29
