1694342564837 163.24167429975705 0
1694342564970 163.12430211033472 1
1694342565100 163.00731323322884 2
1694342565247 162.89070286206262 3
1694342565390 162.77446627420412 4
1694342565506 162.65859882925858 5
1694342565630 162.54309596758748 6
1694342565774 162.42795320885497 7
1694342565918 162.31316615060004 8
1694342566060 162.19873046683458 9
1694342566174 162.08464190666692 10
1694342566403 161.97089629295007 11
1694342566641 161.85748952095437 12
1694342566831 161.74441755706437 13
1694342566998 161.6316764374985 14
1694342567157 161.51926226705308 15
1694342567429 161.40717121786773 16
1694342567623 161.29539952821384 17
1694342567820 161.18394350130478 18
1694342567969 161.07279950412743 19
1694342568115 160.96196396629492 20
1694342568235 160.85143337892006 21
1694342568354 160.74120429350924 22
1694342568467 160.631273320876 23
1694342568587 160.52163713007445 24
1694342568730 160.41229244735192 25
1694342568869 160.3032360551205 26
1694342568999 160.1944647909471 27
1694342569149 160.08597554656174 28
1694342569286 159.9777652668839 29
