1694343721626 169.4480322684235 0
1694343721814 169.10737368006252 1
1694343722024 168.7673985529159 2
1694343722227 168.43328569089616 3
1694343722427 168.09983802060623 4
1694343722886 167.76705421495618 5
1694343723162 167.43493294950687 6
1694343723450 167.10347290246483 7
1694343723660 166.7726727546769 8
1694343723904 166.44253118962487 9
1694343724161 166.1130468934205 10
1694343724464 165.7842185547998 11
1694343724733 165.4560448651182 12
1694343724927 165.1285245183452 13
1694343725398 164.80165621105894 14
1694343725666 164.47543864244125 15
1694343726011 164.1498705142723 16
1694343726285 163.8249505309255 17
1694343726671 163.5006773993622 18
1694343726866 163.17704982912662 19
1694343727059 162.8540665323406 20
1694343727283 162.53172622369857 21
1694343727476 162.2102495240294 22
1694343727688 161.8894126908353 23
1694343727924 161.5692144476251 24
1694343728165 161.24965352045731 25
1694343728419 160.93072863793526 26
1694343728623 160.6124385312016 27
1694343729001 160.29478193393373 28
1694343729369 159.97775758233834 29
