1694338881834 169.089027582395 0
1694338881898 137.0359812026933 1
1694338881987 111.07055801636227 2
1694338882090 90.03636468806421 3
1694338882184 72.99671791858559 4
1694338882254 59.19289074437495 5
1694338882316 48.01029594604879 6
1694338882403 38.951097244066716 7
1694338882493 31.612026099641685 8
1694338882593 25.666414421246774 9
1694338882695 20.849641713525877 10
1694338882790 16.947347622532202 11
1694338882899 13.78588424932255 12
1694338882991 11.224582543637846 13
1694338883125 9.149488019550779 14
1694338883350 7.468286573214299 15
1694338883529 6.106194257941535 16
1694338883643 5.002627854913322 17
1694338883723 4.108507888604198 18
1694338883793 3.3840739289227364 19
1694338883879 2.797114855664311 20
1694338883968 2.321535254293751 21
1694338884073 1.9361940905534047 22
1694338884156 1.6239639431945958 23
1694338884249 1.3709689004247583 24
1694338884338 1.165967184699801 25
1694338884429 0.9998510171890901 26
1694338884521 0.8652414550343785 27
1694338884617 0.7561601642034756 28
1694338884715 0.667763516841014 29
