1694345987531 169.45666491023366 0
1694345987674 169.42284660924648 1
1694345987878 169.38903574590066 2
1694345988026 169.3552323184927 3
1694345988188 169.3214363253194 4
1694345988371 169.28764776467793 5
1694345988548 169.25386663486591 6
1694345988757 169.22009293418137 7
1694345989035 169.18632666092267 8
1694345989275 169.1525678133886 9
1694345989442 169.11881638987845 10
1694345989609 169.08507238869174 11
1694345989746 169.0513358081285 12
1694345989892 169.01760664648907 13
1694345990059 168.9838849020743 14
1694345990210 168.95017057318537 15
1694345990386 168.91646365812386 16
1694345990532 168.8827641551918 17
1694345990677 168.8490720626915 18
1694345990842 168.8153873789258 19
1694345990989 168.78171010219788 20
1694345991184 168.74804023081126 21
1694345991428 168.71437776306996 22
1694345991662 168.68072269727838 23
1694345991869 168.64707503174125 24
1694345992087 168.61343476476375 25
1694345992352 168.57980189465144 26
1694345992582 168.54617641971026 27
1694345992804 168.51255833824663 28
1694345992993 168.47894764856724 29
