1694336454087 0.33179521542651014 0
1694336454134 0.33065538179701576 1
1694336454173 0.2828303817897049 2
1694336454219 0.34883026070310064 3
1694336454254 0.40859597344630844 4
1694336454292 0.2781113822019747 5
1694336454329 0.23090580647204076 6
1694336454356 0.2583217292752707 7
1694336454388 0.26580361079464127 8
1694336454434 0.25392617412391955 9
1694336454472 0.26214150074869347 10
1694336454490 0.2718834685568425 11
1694336454537 0.24694467422269922 12
1694336454570 0.31052995193937943 13
1694336454604 0.2666344491890873 14
1694336454635 0.3630073698126022 15
1694336454667 0.2949863852625803 16
1694336454704 0.4018090913727008 17
1694336454736 0.23918926802750898 18
1694336454767 0.3931755160679055 19
1694336454789 0.2463745242311749 20
1694336454837 0.2492222460899795 21
1694336454874 0.2941291120855304 22
1694336454909 0.2667160410311062 23
1694336454958 0.31073643535568224 24
1694336454991 0.18285474505642596 25
1694336455021 0.21841496745520658 26
1694336455052 0.3519990690257372 27
1694336455086 0.3002390053428512 28
1694336455122 0.28815566802545656 29
