1694344002550 168.90948772301203 0
1694344002673 168.89274865786007 1
1694344002800 168.8760302058623 2
1694344002968 168.85931635380535 3
1694344003107 168.84260123056947 4
1694344003234 168.82589070682218 5
1694344003364 168.80918086809126 6
1694344003518 168.7924726933857 7
1694344003650 168.77576422760131 8
1694344003780 168.75906035831088 9
1694344003924 168.74235717406722 10
1694344004082 168.7256556531849 11
1694344004389 168.70895384194785 12
1694344004598 168.69225662445837 13
1694344004818 168.6755600920461 14
1694344005006 168.65886522233131 15
1694344005290 168.64217006298577 16
1694344005535 168.62547949464235 17
1694344005756 168.60878961140668 18
1694344005958 168.59210139020493 19
1694344006117 168.57541288009605 20
1694344006320 168.5587289582449 21
1694344006476 168.54204572153208 22
1694344006635 168.5253641461898 23
1694344006784 168.50868228266378 24
1694344006922 168.49200500465227 25
1694344007063 168.4753284118095 26
1694344007218 168.45865153167253 27
1694344007379 168.44197923484273 28
1694344007553 168.42530762325472 29
