1694345813865 150.33480699907338 0
1694345814016 150.03822603301998 1
1694345814162 149.74229445813415 2
1694345814307 149.44701078965116 3
1694345814482 149.15237354628457 4
1694345814629 148.85838125021832 5
1694345814770 148.56503242709834 6
1694345814922 148.2723256060244 7
1694345815092 147.9802593195418 8
1694345815237 147.68883210363327 9
1694345815385 147.39804249771095 10
1694345815530 147.10788904460784 11
1694345815695 146.81837029057016 12
1694345815989 146.52948478524894 13
1694345816240 146.241231081692 14
1694345816424 145.953607736336 15
1694345816622 145.66661330899828 16
1694345816941 145.3802463628688 17
1694345817164 145.09450546450228 18
1694345817313 144.80938918381008 19
1694345817482 144.52489609405234 20
1694345817644 144.24102477182996 21
1694345817775 143.95777379707667 22
1694345817903 143.67514175305118 23
1694345818042 143.3931272263292 24
1694345818235 143.1117288067957 25
1694345818406 142.83094508763688 26
1694345818577 142.5507746653325 27
1694345818717 142.271216139648 28
1694345818845 141.99226811362664 29
