1694345566710 169.45414977711505 0
1694345566919 169.4203393668323 1
1694345567074 169.40343880850494 2
1694345567248 169.38653909446924 3
1694345567436 169.36964106965044 4
1694345567641 169.35274473383743 5
1694345568011 169.3358500868614 6
1694345568412 169.31895712855345 7
1694345568669 169.30206585874484 8
1694345568882 169.28517627726666 9
1694345569065 169.2682883839502 10
1694345569259 169.2514021786266 11
1694345569460 169.23451766112723 12
1694345569624 169.21763483128322 13
1694345569800 169.20075368892594 14
1694345569989 169.18387423388666 15
1694345570255 169.16699646599668 16
1694345570628 169.15012038508732 17
1694345570966 169.13324599098993 18
1694345571234 169.11637328353584 19
1694345571548 169.09950226255654 20
1694345571935 169.0826329278833 21
1694345572135 169.0657652793476 22
1694345572333 169.04889931678085 23
1694345572525 169.0320350400145 24
1694345572735 169.01517244888 25
1694345572891 168.99831154320884 26
1694345573026 168.9814523228325 27
1694345573214 168.9645947875825 28
1694345573406 168.94773893729047 29
