1694343980859 159.42858075828784 0
1694343981014 159.27066592788924 1
1694343981140 159.1129991162766 2
1694343981256 158.95548930532297 3
1694343981386 158.7981364051801 4
1694343981547 158.64094025909714 5
1694343981800 158.48390071052623 6
1694343981991 158.32701760307563 7
1694343982183 158.17029078051036 8
1694343982410 158.0137200867514 9
1694343982570 157.85730536587613 10
1694343982835 157.70104646211783 11
1694343983062 157.54494321986544 12
1694343983229 157.38899548366373 13
1694343983363 157.23320309821287 14
1694343983489 157.07756590836834 15
1694343983621 156.92208375914086 16
1694343983764 156.76675649569617 17
1694343983887 156.6115839633549 18
1694343984004 156.45656600759236 19
1694343984120 156.3017024740384 20
1694343984268 156.14699320847734 21
1694343984393 155.9924380568477 22
1694343984524 155.83803686524215 23
1694343984658 155.68378947990726 24
1694343984816 155.52969574724338 25
1694343984974 155.37575551380456 26
1694343985111 155.22196862629826 27
1694343985279 155.06833493158533 28
1694343985558 154.9148542766797 29
