1694342326673 169.08902758239503 0
1694342326884 169.23188601709296 1
1694342327001 496.0548487060304 2
1694342327108 10693.797453792266 3
1694342327239 320468.875927648 4
1694342327369 9723368.037932517 5
1694342327521 295132402.146681 6
1694342327650 8958233510.849133 7
1694342327766 271911786132.49896 8
1694342328024 8253415168406.088 9
1694342328207 250518239526667.9 10
1694342328397 7604050814813767.0 11
1694342328518 2.3080790006963734e+17 12
1694342328626 7.005777319474824e+18 13
1694342328729 2.1264833584664743e+20 14
1694342328848 6.454574942404613e+21 15
1694342328954 1.959175345588497e+23 16
1694342329064 5.946740209870195e+24 17
1694342329170 1.805030836229953e+26 18
1694342329282 5.478861031012011e+27 19
1694342329402 1.6630141488240952e+29 20
1694342329508 5.047793772345938e+30 21
1694342329634 1.5321710874288889e+32 22
1694342329774 4.650642136003913e+33 23
1694342329904 1.4116225305797484e+35 24
1694342330002 4.2847376997977444e+36 25
1694342330120 1.3005585245602536e+38 26
1694342330242 3.947621988356916e+39 27
1694342330366 1.1982328414039044e+41 28
1694342330611 3.6370299548778884e+42 29
