1694344591241 169.08902758239503 0
1694344591416 168.75180288377769 1
1694344591562 168.41525202548473 2
1694344591704 168.07937366077377 3
1694344591860 167.74416644559454 4
1694344592028 167.40962903858372 5
1694344592377 167.07576010105933 6
1694344592759 166.74255829701553 7
1694344593048 166.41002229311732 8
1694344593347 166.07815075869505 9
1694344593533 165.74694236573922 10
1694344593699 165.41639578889504 11
1694344593874 165.08650970545727 12
1694344594060 164.75728279536477 13
1694344594240 164.4287137411952 14
1694344594444 164.10080122816007 15
1694344594661 163.77354394409892 16
1694344594965 163.44694057947459 17
1694344595220 163.1209898273677 18
1694344595462 162.79569038347142 19
1694344595680 162.4710409460864 20
1694344596048 162.14704021611527 21
1694344596348 161.82368689705785 22
1694344596578 161.50097969500555 23
1694344596755 161.17891731863648 24
1694344596925 160.85749847921002 25
1694344597094 160.53672189056198 26
1694344597276 160.2165862690991 27
1694344597437 159.89709033379424 28
1694344597606 159.57823280618092 29
