1694340723122 8.396579560820741e+107 0
1694340723195 2.584982073497531e+111 1
1694340723295 7.958161351566835e+114 2
1694340723384 2.450010495220559e+118 3
1694340723479 7.542635995322148e+121 4
1694340723566 2.3220862877490474e+125 5
1694340723657 7.148806771394352e+128 6
1694340723745 2.2008414814022087e+132 7
1694340723840 6.775540843602821e+135 8
1694340723960 2.0859273196759708e+139 9
1694340724164 6.421764525379102e+142 10
1694340724300 1.9770132559471662e+146 11
1694340724421 6.086460191344497e+149 12
1694340724538 1.8737860026676154e+153 13
1694340724635 5.768663350145817e+156 14
1694340724762 1.7759486302032566e+160 15
1694340724934 5.467459870129353e+163 16
1694340725076 1.6832197127263547e+167 17
1694340725169 5.181983349872407e+170 18
1694340725288 1.5953325187037341e+174 19
1694340725368 4.911412626009782e+177 20
1694340725462 1.512034243652748e+181 21
1694340725551 4.654969411185399e+184 22
1694340725646 1.4330852829579297e+188 23
1694340725749 4.411916055335825e+191 24
1694340725849 1.3582585426565698e+195 25
1694340725952 4.181553423865216e+198 26
1694340726066 1.2873387862107514e+202 27
1694340726162 3.963218886608632e+205 28
1694340726253 1.2201220153868677e+209 29
