1694339358023 169.44840046566512 0
1694339358096 137.32081248622958 1
1694339358181 125.99762801602017 2
1694339358257 114.7620374564573 3
1694339358320 104.70286821541991 4
1694339358383 95.63148335894915 5
1694339358470 87.44988588613238 6
1694339358552 80.06620043356227 7
1694339358629 73.39855021002174 8
1694339358689 67.37370440166455 9
1694339358767 61.926164660952686 10
1694339358853 56.997333026136964 11
1694339358948 52.53477121949165 12
1694339359046 48.49154021006624 13
1694339359146 44.82561135823542 14
1694339359352 41.499341334883944 15
1694339359497 38.47900386627173 16
1694339359640 35.73437211503404 17
1694339359755 33.23834618429987 18
1694339359846 30.9666208343367 19
1694339359921 28.89738903759403 20
1694339359987 27.01107747575127 21
1694339360051 25.290110507816035 22
1694339360130 23.718699517197035 23
1694339360217 22.282654883095418 24
1694339360308 20.96921812206189 25
1694339360392 19.76691201319894 26
1694339360452 18.665406758850633 27
1694339360551 17.65540044492 28
1694339360641 16.728512254044727 29
