1694338915805 169.089027582395 0
1694338915877 137.03598120269328 1
1694338915953 125.15781885934173 2
1694338916037 113.54300086378994 3
1694338916141 103.04697803715948 4
1694338916221 93.52195948924737 5
1694338916292 84.88010917748171 6
1694338916363 77.0394248344917 7
1694338916440 69.92562486555367 8
1694338916513 63.471310733213464 9
1694338916601 57.61533458091853 10
1694338916668 52.30221914610013 11
1694338916752 47.48163181052718 12
1694338916856 43.10790742853972 13
1694338916961 39.13961542352805 14
1694338917089 35.53916704399215 15
1694338917300 32.27245905277813 16
1694338917472 29.308550468925887 17
1694338917598 26.619369295333172 18
1694338917704 24.179446450076778 19
1694338917791 21.965674377439566 20
1694338917872 19.957088048928174 21
1694338917987 18.134666277056592 22
1694338918097 16.481151457434805 23
1694338918197 14.98088602957184 24
1694338918283 13.619664105440382 25
1694338918366 12.384596858762873 26
1694338918445 11.263990398534133 27
1694338918534 10.247234968733476 28
1694338918627 9.32470442362485 29
