1694344733064 167.33277640541183 0
1694344733244 167.29933270352035 1
1694344733387 167.26589570077326 2
1694344733535 167.23246539582777 3
1694344733718 167.1990417873415 4
1694344733896 167.16562487397238 5
1694344734046 167.1322146543783 6
1694344734234 167.09881112721772 7
1694344734415 167.0654142911493 8
1694344734585 167.0320241448319 9
1694344734748 166.99864068692474 10
1694344734887 166.9652639160872 11
1694344735196 166.93189383097902 12
1694344735440 166.89853043026022 13
1694344735677 166.865173712591 14
1694344735902 166.8318236766319 15
1694344736155 166.7984803210437 16
1694344736398 166.76514364448744 17
1694344736628 166.7318136456244 18
1694344736848 166.6984903231163 19
1694344737022 166.66517367562489 20
1694344737172 166.6318637018123 21
1694344737352 166.598560400341 22
1694344737519 166.5652637698736 23
1694344737732 166.531973809073 24
1694344737903 166.49869051660252 25
1694344738113 166.4654138911255 26
1694344738271 166.43214393130575 27
1694344738424 166.39888063580727 28
1694344738567 166.36562400329427 29
