1694340745853 5.99260707338297e+211 0
1694340746054 3.903901595293182e+213 1
1694340746224 2.5434122038347708e+215 2
1694340746371 1.6570476293044944e+217 3
1694340746494 1.0795760387805254e+219 4
1694340746611 7.033499840525512e+220 5
1694340746845 4.582365505502123e+222 6
1694340746995 2.985437421215222e+224 7
1694340747244 1.9450296108615388e+226 8
1694340747391 1.2671979523818972e+228 9
1694340747499 8.255867373708465e+229 10
1694340747609 5.3787449675204765e+231 11
1694340747710 3.504283210478889e+233 12
1694340747819 2.283060619790856e+235 13
1694340747944 1.4874270943778708e+237 14
1694340748061 9.69067287092919e+238 15
1694340748161 6.313528982113957e+240 16
1694340748262 4.113300359933727e+242 17
1694340748356 2.6798387873030537e+244 18
1694340748442 1.745930347291644e+246 19
1694340748526 1.1374836397011865e+248 20
1694340748626 7.410771183369139e+249 21
1694340748730 4.828159950210968e+251 22
1694340748830 3.145573912352715e+253 23
1694340748941 2.04935945372762e+255 24
1694340749047 1.3351694436712523e+257 25
1694340749160 8.698705539776647e+258 26
1694340749262 5.667256573793474e+260 27
1694340749362 3.692250177493659e+262 28
1694340749597 2.4055221773868967e+264 29
