1694342812239 169.08902758239503 0
1694342812368 167.62677553512307 1
1694342812539 167.10219614906188 2
1694342812681 166.5019732169585 3
1694342812817 165.948036319074 4
1694342812980 165.3932353924715 5
1694342813122 164.8490334573682 6
1694342813265 164.309549029078 7
1694342813446 163.77543077888402 8
1694342813815 163.24570292639913 9
1694342814093 162.72021186960464 10
1694342814311 162.19871026729868 11
1694342814472 161.68108467868487 12
1694342814635 161.1672396906838 13
1694342814770 160.65711080475435 14
1694342814894 160.1506454823761 15
1694342815007 159.64780053641627 16
1694342815129 159.14853775932576 17
1694342815297 158.65282224019097 18
1694342815458 158.16062106430545 19
1694342815598 157.67190263610792 20
1694342815763 157.18663624395623 21
1694342815889 156.70479181065312 22
1694342816132 156.22633974078695 23
1694342816529 155.7512508300941 24
1694342816747 155.27949621026403 25
1694342816936 154.8110473153003 26
1694342817123 154.3458758605535 27
1694342817264 153.88395382934902 28
1694342817408 153.42525346412225 29
