1694342649367 166.6014052724481 0
1694342649529 166.4905411100056 1
1694342649661 166.3799739331209 2
1694342649810 166.26968694599717 3
1694342649968 166.1596651717651 4
1694342650099 166.04989525284208 5
1694342650240 165.94036527320785 6
1694342650387 165.83106460019079 7
1694342650578 165.72198374362256 8
1694342650728 165.61311423045493 9
1694342650862 165.50444849314096 10
1694342650997 165.39597977026972 11
1694342651146 165.28770201810903 12
1694342651271 165.17960983185932 13
1694342651554 165.0716983755518 14
1694342651776 164.96396331964263 15
1694342651984 164.85640078545782 16
1694342652154 164.7490072957367 17
1694342652291 164.64177973060507 18
1694342652568 164.53471528838122 19
1694342652779 164.42781145068471 20
1694342652982 164.32106595137535 21
1694342653138 164.21447674890229 22
1694342653268 164.10804200168806 23
1694342653398 164.00176004621534 24
1694342653542 163.89562937751913 25
1694342653698 163.7896486318202 26
1694342653861 163.68381657106545 27
1694342654030 163.578132069165 28
1694342654228 163.47259409973998 29
