1694344304583 164.653419244298 0
1694344304773 164.490268270017 1
1694344304940 164.32749011623594 2
1694344305302 164.1648738413051 3
1694344305625 164.002419401986 4
1694344306211 163.84012663680974 5
1694344306684 163.6779953845324 6
1694344307017 163.51602548407112 7
1694344307309 163.35421677450373 8
1694344307486 163.19256909506893 9
1694344307691 163.0313025328199 10
1694344307839 162.87008619536104 11
1694344307979 162.70903030918316 12
1694344308114 162.54813466083334 13
1694344308308 162.38739909056517 14
1694344308465 162.2268234387619 15
1694344308627 162.0664075459661 16
1694344308784 161.9061512528795 17
1694344309133 161.74605440036296 18
1694344309373 161.58611682943612 19
1694344309572 161.42633838127733 20
1694344309781 161.26671889722348 21
1694344310065 161.1072582187699 22
1694344310325 160.94795618757013 23
1694344310489 160.78881264543583 24
1694344310648 160.62982743433642 25
1694344310790 160.47100039639923 26
1694344310943 160.31233137390916 27
1694344311083 160.15382020930858 28
1694344311216 159.995466745197 29
