1694338831210 169.44677699113018 0
1694338831279 137.08123818017015 1
1694338831338 111.32943529653899 2
1694338831396 90.44278864640822 3
1694338831469 73.50776314897605 4
1694338831548 59.7724093016765 5
1694338831636 48.63044664818804 6
1694338831720 39.59066291683119 7
1694338831812 32.25505212488559 8
1694338831899 26.301109454339283 9
1694338832007 21.467491985786896 10
1694338832098 17.54240497792698 11
1694338832201 14.354195278926234 12
1694338832305 11.763732128979564 13
1694338832404 9.658235490556121 14
1694338832621 7.946276707915897 15
1694338832796 6.553728650170024 16
1694338832925 5.420484878748339 17
1694338833024 4.497801699336952 18
1694338833096 3.746144746769776 19
1694338833151 3.133444252658679 20
1694338833225 2.633681366350297 21
1694338833300 2.225742654916276 22
1694338833372 1.892491856909925 23
1694338833446 1.6200176415223837 24
1694338833534 1.397023961836287 25
1694338833615 1.2143359380951586 26
1694338833715 1.0644993476545046 27
1694338833807 0.94145596199846 28
1694338833896 0.8402803436780624 29
