1694337740506 169.08902758239503 0
1694337740557 137.0359812026933 1
1694337740601 111.07055801636228 2
1694337740644 90.03636468806424 3
1694337740685 72.9967179185856 4
1694337740735 59.192890744374964 5
1694337740781 48.01029594604879 6
1694337740821 38.951097244066716 7
1694337740872 31.612026099641692 8
1694337740916 25.66641442124678 9
1694337740969 20.84964171352589 10
1694337741020 16.94734762253222 11
1694337741076 13.78588424932255 12
1694337741129 11.224582543637846 13
1694337741187 9.149488019550779 14
1694337741245 7.468286573214299 15
1694337741302 6.106194257941536 16
1694337741364 5.002627854913322 17
1694337741427 4.108507888604198 18
1694337741488 3.3840739289227364 19
1694337741555 2.7971148556643106 20
1694337741632 2.3215352542937504 21
1694337741693 1.9361940905534003 22
1694337741760 1.6239639431945914 23
1694337741842 1.3709689004247545 24
1694337741925 1.1659671846997979 25
1694337741999 0.9998510171890871 26
1694337742166 0.8652414550343759 27
1694337742270 0.7561601642034732 28
1694337742370 0.667763516841012 29
