1694336574221 169.089027582395 0
1694336574277 137.03598120269328 1
1694336574308 111.07055801636228 2
1694336574359 90.03636468806425 3
1694336574422 72.9967179185856 4
1694336574467 59.19289074437495 5
1694336574503 48.01029594604877 6
1694336574545 38.9510972440667 7
1694336574592 31.61202609964167 8
1694336574639 25.666414421246767 9
1694336574695 20.849641713525877 10
1694336574755 16.947347622532202 11
1694336574809 13.785884249322551 12
1694336574872 11.224582543637844 13
1694336574926 9.149488019550779 14
1694336574979 7.468286573214298 15
1694336575026 6.106194257941535 16
1694336575098 5.002627854913321 17
1694336575151 4.108507888604198 18
1694336575209 3.384073928922736 19
1694336575267 2.7971148556643106 20
1694336575329 2.321535254293751 21
1694336575391 1.9361940905534 22
1694336575446 1.6239639431945916 23
1694336575512 1.3709689004247585 24
1694336575576 1.1659671846998014 25
1694336575726 0.9998510171890902 26
1694336575796 0.8652414550343784 27
1694336575863 0.7561601642034756 28
1694336575946 0.6677635168410141 29
