1694344751183 169.4518986487077 0
1694344751339 166.08762974379542 1
1694344751515 162.7902833127644 2
1694344751671 159.5585278378131 3
1694344751836 156.3910582998933 4
1694344752000 153.28659565120526 5
1694344752199 150.2438862981975 6
1694344752533 147.26170159486145 7
1694344752793 144.33883734611683 8
1694344753040 141.4741133210859 9
1694344753245 138.66637277606006 10
1694344753391 135.91448198696543 11
1694344753564 133.21732979113833 12
1694344753709 130.57382713822514 13
1694344753883 127.98290665002493 14
1694344754048 125.44352218909637 15
1694344754246 122.95464843595465 16
1694344754435 120.51528047468713 17
1694344754611 118.12443338682023 18
1694344754775 115.78114185327263 19
1694344755149 113.48445976423471 20
1694344755473 111.23345983681516 21
1694344755783 109.02723324030099 22
1694344756088 106.86488922887875 23
1694344756351 104.74555478166869 24
1694344756522 102.6683742499257 25
1694344756691 100.63250901126509 26
1694344756925 98.63713713077226 27
1694344757140 96.68145302886005 28
1694344757348 94.76466715573888 29
