1694346020365 94.90156996410126 0
1694346020487 93.14576865907969 1
1694346020632 91.42718753291244 2
1694346020793 89.74499452969603 3
1694346020969 88.09837677630476 4
1694346021159 86.48654013264904 5
1694346021310 84.90870875257224 6
1694346021520 83.36412465513261 7
1694346021672 81.85204730602426 8
1694346021945 80.37175320889558 9
1694346022183 78.92253550633035 10
1694346022403 77.5037035902618 11
1694346022552 76.11458272159553 12
1694346022845 74.7545136588226 13
1694346023133 73.4228522954091 14
1694346023323 72.11896930575382 15
1694346023516 70.84224979951055 16
1694346023700 69.59209298407629 17
1694346023851 68.3679118350513 18
1694346023999 67.16913277448218 19
1694346024177 65.99519535670245 20
1694346024357 64.84555196159093 21
1694346024497 63.719667495071356 22
1694346024625 62.61701909668146 23
1694346024778 61.53709585404388 24
1694346024942 60.47939852407471 25
1694346025132 59.443439260770155 26
1694346025301 58.42874134941485 27
1694346025608 57.43483894705972 28
1694346025856 56.46127682912041 29
