1694341048519 0.3338646569155532 0
1694341048610 0.3328688865256474 1
1694341048712 0.3319764221671497 2
1694341048809 0.3311758604084151 3
1694341048907 0.3304571823398017 4
1694341049029 0.32981156519451293 5
1694341049120 0.3292312225964655 6
1694341049218 0.3287092686712842 7
1694341049442 0.3282396021050412 8
1694341049624 0.3278168069249178 9
1694341049929 0.327436067337494 10
1694341050075 0.3270930944187229 11
1694341050205 0.3267840628245548 12
1694341050428 0.3265055559985138 13
1694341050594 0.326254518605042 14
1694341050750 0.3260282151253354 15
1694341050873 0.3258241937239571 16
1694341050975 0.32564025463643015 17
1694341051068 0.3254744224456263 18
1694341051158 0.32532492171250826 19
1694341051245 0.32519015550816704 20
1694341051337 0.3250686864620424 21
1694341051434 0.3249592199980617 22
1694341051525 0.32486058947812746 23
1694341051624 0.32477174301247747 24
1694341051700 0.3246917317302579 25
1694341051793 0.32461969933221363 26
1694341051873 0.32455487277162015 27
1694341051950 0.32449655393014687 28
1694341052035 0.3244441121728646 29
