1694340892557 3.925001679856698e+212 0
1694340892683 2.886526436325403e+214 1
1694340892784 2.135114754566324e+216 2
1694340892885 1.5787559166225371e+218 3
1694340892988 1.1673956829075303e+220 4
1694340893076 8.63218228914896e+221 5
1694340893284 6.382975214145503e+223 6
1694340893463 4.719822985408327e+225 7
1694340893617 3.4900227986143636e+227 8
1694340893846 2.580660158712968e+229 9
1694340893996 1.908241647424249e+231 10
1694340894162 1.4110289464770892e+233 11
1694340894409 1.0433703144901557e+235 12
1694340894583 7.715090578951219e+236 13
1694340894755 5.704841494413015e+238 14
1694340894877 4.218384235846605e+240 15
1694340894973 3.119239259963022e+242 16
1694340895079 2.3064882231957216e+244 17
1694340895168 1.705508132070509e+246 18
1694340895256 1.2611198094601427e+248 19
1694340895329 9.325216009858536e+249 20
1694340895417 6.895431582170404e+251 21
1694340895510 5.098753385886906e+253 22
1694340895596 3.770218844214866e+255 23
1694340895694 2.787848138060191e+257 24
1694340895771 2.0614445903614815e+259 25
1694340895859 1.5243132296608918e+261 26
1694340895974 1.1271371702073086e+263 27
1694340896078 8.33449566494659e+264 28
1694340896166 6.162853983090401e+266 29
