1694338750708 5.99260707338293e+211 0
1694338750793 3.903901595293153e+213 1
1694338750899 2.543412203834754e+215 2
1694338750979 1.6570476293044834e+217 3
1694338751064 1.0795760387805208e+219 4
1694338751136 7.03349984052546e+220 5
1694338751201 4.5823655055020655e+222 6
1694338751292 2.985437421215181e+224 7
1694338751373 1.945029610861512e+226 8
1694338751470 1.2671979523818678e+228 9
1694338751576 8.255867373708292e+229 10
1694338751667 5.378744967520375e+231 11
1694338751734 3.5042832104788283e+233 12
1694338751805 2.283060619790815e+235 13
1694338751894 1.4874270943778477e+237 14
1694338752007 9.690672870928993e+238 15
1694338752088 6.3135289821138724e+240 16
1694338752155 4.1133003599336826e+242 17
1694338752223 2.679838787303029e+244 18
1694338752287 1.745930347291635e+246 19
1694338752357 1.1374836397011853e+248 20
1694338752469 7.410771183369161e+249 21
1694338752646 4.828159950210985e+251 22
1694338752781 3.145573912352733e+253 23
1694338752959 2.0493594537276375e+255 24
1694338753063 1.3351694436712622e+257 25
1694338753184 8.698705539776678e+258 26
1694338753292 5.667256573793481e+260 27
1694338753488 3.692250177493656e+262 28
1694338753633 2.405522177386893e+264 29
