1694339113204 170.4997499167742 0
1694339113274 3881.888863704446 1
1694339113346 15796033.82846169 2
1694339113423 65914108747.25503 3
1694339113505 275050139091381.1 4
1694339113581 1.1477448451849828e+18 5
1694339113644 4.789374890258287e+21 6
1694339113712 1.998537561345283e+25 7
1694339113801 8.33961106747391e+28 8
1694339113888 3.480000281301577e+32 9
1694339113990 1.452154286318207e+36 10
1694339114092 6.05963189889062e+39 11
1694339114199 2.52859762189255e+43 12
1694339114289 1.055147579939831e+47 13
1694339114392 4.402979761641944e+50 14
1694339114671 1.8373004070704565e+54 15
1694339114843 7.666791510670973e+57 16
1694339115008 3.1992423145336224e+61 17
1694339115139 1.3349980070355004e+65 18
1694339115235 5.570755521369642e+68 19
1694339115337 2.3245965099066313e+72 20
1694339115423 9.70020837055424e+75 21
1694339115492 4.047758053114764e+79 22
1694339115591 1.6890714746181547e+83 23
1694339115684 7.048253400850829e+86 24
1694339115767 2.9411352183208247e+90 25
1694339115865 1.2272936116914932e+94 26
1694339115956 5.1213205020839386e+97 27
1694339116050 2.137053711940782e+101 28
1694339116141 8.917619129405218e+104 29
