1694342847738 167.41468330566718 0
1694342847927 167.3576463152745 1
1694342848052 167.3001959681508 2
1694342848213 167.24291482340564 3
1694342848418 167.185781876179 4
1694342848613 167.12879146032705 5
1694342848790 167.07193781520317 6
1694342849084 167.0152155017682 7
1694342849288 166.9586193735738 8
1694342849469 166.9021445612514 9
1694342849704 166.8457864575035 10
1694342850066 166.78954070291715 11
1694342850273 166.73340317254554 12
1694342850539 166.67736996321543 13
1694342850824 166.62143738152227 14
1694342851018 166.5656019324748 15
1694342851143 166.5098603087548 16
1694342851262 166.45420938055815 17
1694342851407 166.39864618598557 18
1694342851518 166.34316792195418 19
1694342851636 166.28777193560055 20
1694342851785 166.23245571614936 21
1694342851907 166.17721688722258 22
1694342852131 166.12205319956436 23
1694342852351 166.06696252416043 24
1694342852510 166.01194284572952 25
1694342852650 165.95699225656745 26
1694342852836 165.90210895072445 27
1694342853058 165.84729121849745 28
1694342853198 165.7925374412208 29
