1694338802724 4.0396536144168764e+212 0
1694338802836 2.9708438117248174e+214 1
1694338802933 2.197482890196763e+216 2
1694338803022 1.6248724370225186e+218 3
1694338803129 1.201496094667711e+220 4
1694338803237 8.884334130001919e+221 5
1694338803360 6.569426206079336e+223 6
1694338803583 4.857692183996343e+225 7
1694338803751 3.591968707981387e+227 8
1694338803871 2.6560429747655503e+229 9
1694338803985 1.9639826672582577e+231 10
1694338804111 1.452246049456738e+233 11
1694338804240 1.0738478619604713e+235 12
1694338804457 7.940453555156546e+236 13
1694338804609 5.87148374505208e+238 14
1694338804749 4.341606071862605e+240 15
1694338804856 3.210354333198793e+242 16
1694338804958 2.3738622929156493e+244 17
1694338805044 1.755327169793076e+246 18
1694338805153 1.297957965889157e+248 19
1694338805252 9.597611831039496e+249 20
1694338805347 7.096851768709471e+251 21
1694338805432 5.247691395910458e+253 22
1694338805530 3.880349468215033e+255 23
1694338805614 2.8692830541084624e+257 24
1694338805698 2.1216607710287225e+259 25
1694338805780 1.5688394426184868e+261 26
1694338805854 1.1600616037794309e+263 27
1694338805944 8.577951879621153e+264 28
1694338806027 6.342875086061942e+266 29
