1694341122896 9.070161233865573 0
1694341123005 8.282785181267242 1
1694341123206 7.571832928544502 2
1694341123385 6.925312160820937 3
1694341123553 6.337568736550708 4
1694341123689 5.8031927919579775 5
1694341123833 5.317288152568747 6
1694341123991 4.875409599077089 7
1694341124216 4.473521930177452 8
1694341124380 4.107961994805817 9
1694341124528 3.775404284259998 10
1694341124649 3.4728297096875935 11
1694341124756 3.197497271850706 12
1694341124870 2.946918354880638 13
1694341124984 2.7188334007483377 14
1694341125093 2.511190743738653 15
1694341125191 2.322127404691503 16
1694341125294 2.1499516633473212 17
1694341125372 1.9931272439847783 18
1694341125467 1.8502589648255843 19
1694341125560 1.7200797155494598 20
1694341125672 1.601438639843758 21
1694341125764 1.4932904113261931 22
1694341125856 1.394685501534024 23
1694341125938 1.3047613480672877 24
1694341126025 1.2227343394962198 25
1694341126117 1.1478925413749779 26
1694341126222 1.0795890947183973 27
1694341126310 1.0172362246624647 28
1694341126386 0.9602998028026888 29
