1694345887558 159.94456512387856 0
1694345887699 159.62738580803483 1
1694345887870 159.31090195861574 2
1694345888058 158.9951119856085 3
1694345888238 158.68001430272125 4
1694345888447 158.36560732737394 5
1694345888714 158.0518894806899 6
1694345888959 157.73885918748687 7
1694345889138 157.42651487626827 8
1694345889422 157.11485497921458 9
1694345889757 156.80387793217434 10
1694345889968 156.49358217465598 11
1694345890148 156.18396614981853 12
1694345890289 155.87502830446337 13
1694345890414 155.56676708902557 14
1694345890587 155.25918095756515 15
1694345890738 154.95226836775856 16
1694345890891 154.64602778089008 17
1694345891018 154.34045766184337 18
1694345891155 154.03555647909286 19
1694345891310 153.7313227046953 20
1694345891481 153.427754814281 21
1694345891619 153.12485128704594 22
1694345891742 152.82261060574282 23
1694345891892 152.52103125667273 24
1694345892165 152.22011172967694 25
1694345892388 151.91985051812838 26
1694345892583 151.62024611892323 27
1694345892770 151.32129703247261 28
1694345893065 151.02300176269438 29
