1694338614344 9.059634021546222 0
1694338614412 8.273183787681576 1
1694338614485 7.5630862483317145 2
1694338614562 6.917341142196022 3
1694338614635 6.330302223087004 4
1694338614699 5.79656622409831 5
1694338614764 5.311242971198895 6
1694338614831 4.869892682962592 7
1694338614888 4.468485087256932 8
1694338614939 4.103361501319046 9
1694338615000 3.7712004672171835 10
1694338615054 3.4689865685776904 11
1694338615114 3.193982135879051 12
1694338615169 2.9437015723795232 13
1694338615225 2.7158880577233036 14
1694338615287 2.508492408802133 15
1694338615351 2.3196538978963237 16
1694338615410 2.1476828466686215 17
1694338615458 1.9910448314123144 18
1694338615512 1.8483463502214585 19
1694338615574 1.7183218166008944 20
1694338615632 1.5998217565984907 21
1694338615685 1.4918020979410094 22
1694338615739 1.3933144499962657 23
1694338615799 1.3034972827661513 24
1694338615856 1.221567921626627 25
1694338615960 1.1468152822526212 26
1694338616114 1.0785932771713356 27
1694338616213 1.01631483174318 28
1694338616315 0.9594464531356861 29
