1694345966707 159.94444034057707 0
1694345966849 159.62726142740033 1
1694345967019 159.31077797930013 2
1694345967197 158.99498840626822 3
1694345967365 158.67989112201715 4
1694345967560 158.3654845439715 5
1694345967690 158.05176709325897 6
1694345967908 157.7387371947019 7
1694345968066 157.42639327680814 8
1694345968318 157.1147337717625 9
1694345968586 156.8037571154181 10
1694345968803 156.49346174728763 11
1694345969084 156.1838461105346 12
1694345969335 155.87490865196486 13
1694345969567 155.56664782201767 14
1694345969739 155.25906207475748 15
1694345969888 154.95214986786513 16
1694345970045 154.6459096626292 17
1694345970210 154.3403399239377 18
1694345970358 154.03543912026922 19
1694345970496 153.7312057236848 20
1694345970647 153.4276382098193 21
1694345970825 153.1247350578726 22
1694345970945 152.82249475060183 23
1694345971085 152.52091577431227 24
1694345971240 152.2199966188494 25
1694345971390 151.9197357775903 26
1694345971547 151.62013174743535 27
1694345971669 151.3211830287999 28
1694345971815 151.02288812560587 29
