1694343835776 51.700410775242744 0
1694343836052 50.69179150440151 1
1694343836285 49.70311763611173 2
1694343836510 48.73398835495092 3
1694343836809 47.78403163563994 4
1694343837134 46.852839657543974 5
1694343837362 45.94007784589116 6
1694343837799 45.04533168098346 7
1694343838053 44.16830252723217 8
1694343838257 43.30856946655542 9
1694343838467 42.465868344474195 10
1694343838690 41.6398290408335 11
1694343838934 40.830055171008034 12
1694343839169 40.03633959423012 13
1694343839440 39.25823886687144 14
1694343839716 38.49557672169518 15
1694343839975 37.74790450551837 16
1694343840201 37.015075543636456 17
1694343840543 36.29672711642632 18
1694343840856 35.59247299541713 19
1694343841104 34.90221650492026 20
1694343841323 34.22548933118924 21
1694343841653 33.5622212002541 22
1694343841907 32.91205302184878 23
1694343842112 32.274604057577896 24
1694343842350 31.649849453579147 25
1694343842641 31.037430540454153 26
1694343842883 30.43696814308266 27
1694343843111 29.848480158291956 28
1694343843329 29.27160831329597 29
