1694339269687 8.550527645078253 0
1694339269780 7.779289524599197 1
1694339269886 7.084023790075887 2
1694339270005 6.452976869316362 3
1694339270169 5.880437453982432 4
1694339270360 5.360967714254127 5
1694339270542 4.889647283020247 6
1694339270707 4.462011487705101 7
1694339270890 4.07400977638094 8
1694339271021 3.721967267357738 9
1694339271257 3.4025499031062036 10
1694339271467 3.112732835137907 11
1694339271662 2.8497717420168605 12
1694339271818 2.6111768082528113 13
1694339271950 2.3946891171946363 14
1694339272041 2.198259233946777 15
1694339272141 2.0200277751157505 16
1694339272246 1.8583077810487074 17
1694339272351 1.7115687233311594 18
1694339272459 1.5784219958285155 19
1694339272584 1.4576077516336132 20
1694339272710 1.347982961053528 21
1694339272823 1.2485105773548872 22
1694339272940 1.1582497074975857 23
1694339273062 1.076346694622351 24
1694339273207 1.002027027707997 25
1694339273346 0.9345880016621319 26
1694339273451 0.8733920582286566 27
1694339273558 0.8178607445543767 28
1694339273669 0.7674692321166694 29
