1694338685092 6.108034884144489 0
1694338685146 5.965980996272818 1
1694338685196 5.842466028274742 2
1694338685252 5.734928315367754 3
1694338685349 5.641189697510931 4
1694338685414 5.559392309118274 5
1694338685478 5.487946837088552 6
1694338685546 5.425489993699456 7
1694338685607 5.370849419530316 8
1694338685654 5.323014599176221 9
1694338685710 5.281112661338828 10
1694338685768 5.2443881622114885 11
1694338685813 5.212186130359994 12
1694338685862 5.183937792993985 13
1694338685913 5.159148515770714 14
1694338685963 5.137387577418008 15
1694338686005 5.11827947145515 16
1694338686060 5.101496483991972 17
1694338686113 5.0867523420162986 18
1694338686195 5.0737967631004794 19
1694338686250 5.062410766918539 20
1694338686309 5.052402632819423 21
1694338686365 5.04360440708884 22
1694338686428 5.035868879351591 23
1694338686484 5.029066960525928 24
1694338686541 5.023085405402015 25
1694338686596 5.01782483172208 26
1694338686651 5.013197994942559 27
1694338686702 5.009128283940025 28
1694338686756 5.005548408007096 29
