1694340837774 1.624503168125314e+212 0
1694340837860 1.194692823891808e+214 1
1694340837943 8.836940633438772e+215 2
1694340838025 6.534249402776128e+217 3
1694340838119 4.831687066713141e+219 4
1694340838218 3.5727392292656687e+221 5
1694340838307 2.6418239540277875e+223 6
1694340838397 1.953468563373062e+225 7
1694340838483 1.444471507432732e+227 8
1694340838570 1.0680990597275568e+229 9
1694340838667 7.897944649803464e+230 10
1694340838737 5.840050988085863e+232 11
1694340838827 4.318363454761807e+234 12
1694340838917 3.193167827723786e+236 13
1694340839011 2.3611539146309865e+238 14
1694340839228 1.745930094927501e+240 15
1694340839452 1.2910093990420545e+242 16
1694340839597 9.546231394127745e+243 17
1694340839739 7.058859052292736e+245 18
1694340839841 5.219598086715763e+247 19
1694340840059 3.859576170174107e+249 20
1694340840220 2.8539224602921047e+251 21
1694340840371 2.1103025436578814e+253 22
1694340840485 1.5604407224550602e+255 23
1694340840572 1.1538512596755044e+257 24
1694340840666 8.532030152097541e+258 25
1694340840762 6.308918754118584e+260 26
1694340840846 4.665062726751383e+262 27
1694340840937 3.4495309089719923e+264 28
1694340841024 2.550718862517719e+266 29
