1694337753183 8.550527645078253 0
1694337753234 7.779289524599207 1
1694337753279 7.084023790075895 2
1694337753333 6.452976869316359 3
1694337753400 5.880437453982432 4
1694337753448 5.360967714254127 5
1694337753504 4.889647283020247 6
1694337753554 4.462011487705101 7
1694337753608 4.07400977638094 8
1694337753654 3.7219672673577437 9
1694337753705 3.4025499031062094 10
1694337753762 3.1127328351379133 11
1694337753823 2.849771742016866 12
1694337753878 2.611176808252817 13
1694337753932 2.394689117194641 14
1694337753995 2.198259233946782 15
1694337754051 2.0200277751157554 16
1694337754111 1.8583077810487116 17
1694337754162 1.7115687233311636 18
1694337754227 1.5784219958285197 19
1694337754274 1.4576077516336172 20
1694337754343 1.3479829610535317 21
1694337754447 1.2485105773548872 22
1694337754525 1.158249707497586 23
1694337754586 1.076346694622351 24
1694337754647 1.002027027707997 25
1694337754715 0.9345880016621317 26
1694337754775 0.8733920582286567 27
1694337754827 0.8178607445543769 28
1694337754888 0.7674692321166694 29
