1694339311431 4.9673514215535635 0
1694339311507 4.967056498507258 1
1694339311589 4.966893648822426 2
1694339311694 4.96683158428339 3
1694339311804 4.966845609679979 4
1694339311896 4.966916255360519 5
1694339311983 4.967028199774342 6
1694339312072 4.967169418018028 7
1694339312182 4.967330507198322 8
1694339312282 4.9675041506328235 9
1694339312426 4.967684691437616 10
1694339312611 4.96786779256978 11
1694339312777 4.968050165398035 12
1694339312910 4.968229352735239 13
1694339313011 4.968403555256963 14
1694339313123 4.9685714925561095 15
1694339313340 4.96873229190025 16
1694339313513 4.968885399181938 17
1694339313658 4.9690305076727785 18
1694339313799 4.969167501075946 19
1694339313907 4.969296408072305 20
1694339313997 4.969417366111105 21
1694339314100 4.969530592639091 22
1694339314221 4.969636362315355 23
1694339314339 4.9697349890419655 24
1694339314427 4.9698268118672315 25
1694339314517 4.96991218400053 26
1694339314613 4.969991464324187 27
1694339314695 4.9700650109059525 28
1694339314779 4.970133176111001 29
