1694338540555 169.08902758239503 0
1694338540622 1647.0555026711197 1
1694338540669 6368726.376541838 2
1694338540715 26162510031.38664 3
1694338540772 107476031761079.2 4
1694338540821 4.415133493956732e+17 5
1694338540865 1.8137442786130243e+21 6
1694338540908 7.450892057293968e+24 7
1694338540965 3.060839011544639e+28 8
1694338541015 1.2573978233146117e+32 9
1694338541073 5.165411444747812e+35 10
1694338541119 2.121959724981626e+39 11
1694338541170 8.717046304263833e+42 12
1694338541227 3.580977309611163e+46 13
1694338541270 1.4710715125692987e+50 14
1694338541323 6.043186560508839e+53 15
1694338541382 2.482551221546699e+57 16
1694338541433 1.019836224795296e+61 17
1694338541485 4.18950439522747e+64 18
1694338541545 1.7210554646804543e+68 19
1694338541607 7.070124847895351e+71 20
1694338541670 2.9044192003485726e+75 21
1694338541732 1.1931403013151238e+79 22
1694338541794 4.901440461664408e+82 23
1694338541856 2.0135200003520667e+86 24
1694338541920 8.271574088326399e+89 25
1694338542073 3.397976572704005e+93 26
1694338542168 1.3958945015000639e+97 27
1694338542240 5.734358132338567e+100 28
1694338542340 2.3556839828927404e+104 29
