1694342359650 141.16273717757252 0
1694342359857 140.3973418965024 1
1694342359998 139.64137355638027 2
1694342360131 138.89468578756475 3
1694342360269 138.15713575577576 4
1694342360392 137.42858316606305 5
1694342360511 136.70889004327367 6
1694342360718 135.99792066006802 7
1694342360851 135.29554149338068 8
1694342361000 134.6016211867655 9
1694342361142 133.9160305143449 10
1694342361297 133.23864234554406 11
1694342361418 132.56933161044762 12
1694342361533 131.90797526573962 13
1694342361663 131.25445226121187 14
1694342361790 130.60864350682994 15
1694342361915 129.97043184034774 16
1694342362169 129.33970199546113 17
1694342362395 128.71634057049116 18
1694342362599 128.1002359975893 19
1694342362766 127.49127851245464 20
1694342362906 126.88936012455551 21
1694342363191 126.29437458784624 22
1694342363419 125.70621737197158 23
1694342363602 125.12478563395008 24
1694342363774 124.54997819032874 25
1694342363955 123.98169548980098 26
1694342364073 123.41983958628 27
1694342364200 122.86431411242042 28
1694342364330 122.31502425358002 29
