1694344495618 169.08902758239503 0
1694344495792 168.75180288377763 1
1694344495999 168.41525202548473 2
1694344496197 168.07937366077377 3
1694344496388 167.74416644559454 4
1694344496570 167.40962903858372 5
1694344496887 167.0757601010593 6
1694344497205 166.74255829701556 7
1694344497453 166.41002229311732 8
1694344497698 166.07815075869505 9
1694344497947 165.74694236573924 10
1694344498131 165.41639578889504 11
1694344498334 165.0865097054573 12
1694344498514 164.75728279536477 13
1694344498707 164.4287137411952 14
1694344498877 164.10080122816004 15
1694344499038 163.77354394409892 16
1694344499182 163.44694057947459 17
1694344499482 163.12098982736768 18
1694344499723 162.79569038347145 19
1694344499923 162.4710409460864 20
1694344500119 162.14704021611527 21
1694344500433 161.82368689705785 22
1694344500673 161.50097969500555 23
1694344500898 161.17891731863645 24
1694344501094 160.85749847921002 25
1694344501268 160.53672189056198 26
1694344501426 160.21658626909908 27
1694344501593 159.89709033379424 28
1694344501744 159.57823280618092 29
