1694342526165 170.5220505907359 0
1694342526326 168.57531044252278 1
1694342526470 167.351093272192 2
1694342526593 166.2292710709992 3
1694342526733 165.13403682142734 4
1694342526879 164.05591029898798 5
1694342527039 162.99349717586082 6
1694342527191 161.94639262702856 7
1694342527456 160.91431659832492 8
1694342527658 159.89700836769276 9
1694342527855 158.89421362329398 10
1694342528019 157.90568281562136 11
1694342528175 156.93117088461807 12
1694342528315 155.97043715564558 13
1694342528461 155.02324525731223 14
1694342528610 154.08936304323024 15
1694342528753 153.16856251549228 16
1694342528879 152.26061974957614 17
1694342529003 151.36531482062017 18
1694342529137 150.48243173103987 19
1694342529285 149.61175833946146 20
1694342529452 148.75308629094795 21
1694342529608 147.90621094849422 22
1694342529733 147.07093132576827 23
1694342529984 146.24705002107495 24
1694342530217 145.43437315252157 25
1694342530440 144.63271029436163 26
1694342530634 143.8418744144968 27
1694342530795 143.06168181311475 28
1694342531109 142.29195206244302 29
