1694345192934 168.3211323572725 0
1694345193131 168.30430223423042 1
1694345193299 168.28748354162602 2
1694345193467 168.27066653275168 3
1694345193648 168.25385120815338 4
1694345193802 168.23703756766233 5
1694345193998 168.22022561110967 6
1694345194198 168.20341533832678 7
1694345194378 168.1866067491448 8
1694345194541 168.16979984339505 9
1694345194718 168.15299462090888 10
1694345194939 168.13619108151755 11
1694345195293 168.11938922505246 12
1694345195613 168.1025890513449 13
1694345195950 168.0857905602262 14
1694345196317 168.06899375152778 15
1694345196558 168.05219862508113 16
1694345196741 168.0354051807175 17
1694345196913 168.01861341826847 18
1694345197078 168.0018233375654 19
1694345197241 167.9850349384398 20
1694345197440 167.96824822072324 21
1694345197588 167.95146318424696 22
1694345197733 167.93467982884275 23
1694345197895 167.91789815434203 24
1694345198086 167.90111816057635 25
1694345198281 167.8843398473773 26
1694345198450 167.86756321457645 27
1694345198731 167.85078826200544 28
1694345199004 167.8340149894958 29
