1694344541156 167.33277640541186 0
1694344541351 167.29933270352035 1
1694344541549 167.26589570077326 2
1694344541695 167.23246539582777 3
1694344541869 167.19904178734157 4
1694344542001 167.16562487397235 5
1694344542182 167.13221465437832 6
1694344542359 167.09881112721772 7
1694344542543 167.06541429114927 8
1694344542720 167.03202414483192 9
1694344542882 166.99864068692474 10
1694344543027 166.9652639160872 11
1694344543241 166.93189383097905 12
1694344543555 166.89853043026022 13
1694344543829 166.865173712591 14
1694344544157 166.8318236766319 15
1694344544455 166.7984803210437 16
1694344544745 166.76514364448744 17
1694344545017 166.7318136456244 18
1694344545238 166.6984903231163 19
1694344545452 166.66517367562489 20
1694344545753 166.6318637018123 21
1694344546011 166.598560400341 22
1694344546188 166.5652637698736 23
1694344546391 166.53197380907304 24
1694344546592 166.49869051660252 25
1694344546810 166.4654138911255 26
1694344547285 166.43214393130575 27
1694344547704 166.39888063580727 28
1694344548049 166.3656240032943 29
