1694341106333 0.9036752804096028 0
1694341106548 0.8570221452501817 1
1694341106720 0.8141928289130662 2
1694341106887 0.7750425566287917 3
1694341107042 0.7392334335444896 4
1694341107174 0.7064694329103013 5
1694341107293 0.6764807611830016 6
1694341107536 0.6490221137225453 7
1694341107811 0.6238703897058937 8
1694341107981 0.6008226580308573 9
1694341108106 0.5796943088353563 10
1694341108220 0.5603173757930945 11
1694341108360 0.542539013220461 12
1694341108476 0.5262201136539435 13
1694341108564 0.5112340528821632 14
1694341108661 0.4974655506264899 15
1694341108785 0.48480963616086686 16
1694341108886 0.47317070915615667 17
1694341109010 0.46246168693633616 18
1694341109121 0.45260323015203296 19
1694341109220 0.4435230396188742 20
1694341109320 0.43515521774114924 21
1694341109413 0.4274396885516513 22
1694341109505 0.42032167095223577 23
1694341109597 0.4137512002417937 24
1694341109695 0.407682693473858 25
1694341109831 0.40207455459920205 26
1694341110006 0.39688881572359386 27
1694341110208 0.3920908111508363 28
1694341110416 0.387648881189586 29
