1694340738312 169.089027582395 0
1694340738392 1647.055502671123 1
1694340738466 6368726.376541857 2
1694340738557 26162510031.38673 3
1694340738651 107476031761079.7 4
1694340738748 4.4151334939567725e+17 5
1694340738815 1.8137442786130395e+21 6
1694340738897 7.450892057294034e+24 7
1694340738964 3.0608390115446585e+28 8
1694340739052 1.2573978233146187e+32 9
1694340739129 5.165411444747836e+35 10
1694340739216 2.121959724981633e+39 11
1694340739326 8.717046304263842e+42 12
1694340739427 3.5809773096111804e+46 13
1694340739624 1.4710715125693072e+50 14
1694340739856 6.043186560508884e+53 15
1694340740031 2.482551221546717e+57 16
1694340740160 1.019836224795302e+61 17
1694340740268 4.189504395227494e+64 18
1694340740376 1.7210554646804632e+68 19
1694340740479 7.070124847895374e+71 20
1694340740570 2.904419200348572e+75 21
1694340740673 1.1931403013151261e+79 22
1694340740784 4.901440461664422e+82 23
1694340740884 2.0135200003520717e+86 24
1694340740995 8.271574088326446e+89 25
1694340741105 3.397976572704024e+93 26
1694340741212 1.3958945015000703e+97 27
1694340741304 5.734358132338593e+100 28
1694340741399 2.3556839828927582e+104 29
