1694346623800 94.36087582077528 0
1694346624061 93.49023704060619 1
1694346624397 92.62916129964938 2
1694346624628 91.77718641538958 3
1694346624946 90.93421427390429 4
1694346625174 90.10014442059345 5
1694346625394 89.2748775868718 6
1694346625658 88.45831564650365 7
1694346625864 87.65036160246338 8
1694346626048 86.8509195737086 9
1694346626452 86.05989478211181 10
1694346626729 85.2771935395465 11
1694346627100 84.50272323512598 12
1694346627445 83.73639232259295 13
1694346627720 82.97811030785823 14
1694346627908 82.22778773668688 15
1694346628126 81.48533618252955 16
1694346628312 80.75066823449805 17
1694346628496 80.0236974854827 18
1694346628718 79.30433852041027 19
1694346628943 78.5925069046406 20
1694346629162 77.88811917250041 21
1694346629387 77.19109281595237 22
1694346629550 76.50134627339833 23
1694346629729 75.81879891861452 24
1694346630099 75.14337104981772 25
1694346630321 74.47498387886031 26
1694346630675 73.81355952055321 27
1694346630965 73.15902098211464 28
1694346631198 72.5112921527437 29
