1694344269225 169.45857331099873 0
1694344269361 166.067231576013 1
1694344269508 164.4691823962171 2
1694344269631 162.85256338111762 3
1694344269784 161.25209581011384 4
1694344269924 159.66965309417873 5
1694344270074 158.10173730462768 6
1694344270207 156.5493208084146 7
1694344270415 155.0122451007525 8
1694344270717 153.4903582609288 9
1694344270934 151.98350985088163 10
1694344271181 150.49155092460296 11
1694344271340 149.01433401320477 12
1694344271504 147.55171311025967 13
1694344271660 146.1035436572856 14
1694344271826 144.66968252937522 15
1694344272027 143.24998802096778 16
1694344272204 141.84455888385975 17
1694344272356 140.45265894486548 18
1694344272507 139.07486750242225 19
1694344272687 137.7105730347994 20
1694344272849 136.35951265236784 21
1694344273054 135.022162355273 22
1694344273354 133.6979065707671 23
1694344273624 132.38673357496717 24
1694344273928 131.08851429548017 25
1694344274185 129.80286679127283 26
1694344274422 128.5302942102301 27
1694344274609 127.2701702316811 28
1694344274761 126.02249391642648 29
