1694344791852 159.92420871610267 0
1694344792021 159.60520304278384 1
1694344792219 159.28683500358562 2
1694344792550 158.96910332367534 3
1694344792926 158.65200673076998 4
1694344793249 158.33554395513062 5
1694344793470 158.0197137295574 6
1694344793961 157.70451478938477 7
1694344794341 157.38994587247615 8
1694344794692 157.0760057192188 9
1694344794982 156.76269307251897 10
1694344795260 156.45000667779692 11
1694344795547 156.13794528298155 12
1694344795855 155.82650763850572 13
1694344796155 155.51569249730105 14
1694344796509 155.20549861479307 15
1694344796879 154.895924748896 16
1694344797146 154.58696966000804 17
1694344797364 154.2786321110063 18
1694344797680 153.97091086724174 19
1694344797935 153.66380469653436 20
1694344798191 153.3573123691682 21
1694344798432 153.05143265788624 22
1694344798619 152.74616433788603 23
1694344798794 152.44150618681408 24
1694344798960 152.13745698476146 25
1694344799153 151.83401551425862 26
1694344799295 151.5311805602708 27
1694344799432 151.22895091019276 28
1694344799573 150.92732535384437 29
