1694338950887 169.08902758239503 0
1694338950991 137.0359812026933 1
1694338951075 111.61786010116475 2
1694338951137 91.40935456346111 3
1694338951202 75.29814058154687 4
1694338951278 62.41528861801846 5
1694338951345 52.08125351745763 6
1694338951431 43.76394348184714 7
1694338951511 37.046154921411905 8
1694338951586 31.60027093400987 9
1694338951664 27.168594334586135 10
1694338951753 23.548052651464932 11
1694338951823 20.578296402717143 12
1694338951952 18.132431900320295 13
1694338952073 16.109800230641778 14
1694338952204 14.43034609776674 15
1694338952414 13.030222540687166 16
1694338952584 11.858356843746508 17
1694338952746 10.873764438256813 18
1694338952837 10.043445258218231 19
1694338952924 9.340733975120537 20
1694338953008 8.744004205086059 21
1694338953102 8.235649022240645 22
1694338953195 7.801277370743427 23
1694338953278 7.429079364259881 24
1694338953355 7.1093238634913245 25
1694338953457 6.833959801990517 26
1694338953557 6.596299008897529 27
1694338953662 6.39076315821226 28
1694338953750 6.212681270770731 29
