1694336556687 8.396579560820855e+107 0
1694336556775 2.5849820734975676e+111 1
1694336556875 7.958161351566972e+114 2
1694336556944 2.4500104952206047e+118 3
1694336557028 7.542635995322277e+121 4
1694336557099 2.3220862877490917e+125 5
1694336557167 7.148806771394488e+128 6
1694336557213 2.200841481402249e+132 7
1694336557276 6.775540843602936e+135 8
1694336557313 2.0859273196759986e+139 9
1694336557363 6.421764525379171e+142 10
1694336557412 1.9770132559471826e+146 11
1694336557447 6.086460191344536e+149 12
1694336557497 1.8737860026676277e+153 13
1694336557530 5.768663350145914e+156 14
1694336557576 1.775948630203286e+160 15
1694336557615 5.467459870129441e+163 16
1694336557647 1.6832197127263798e+167 17
1694336557715 5.181983349872495e+170 18
1694336557746 1.5953325187037495e+174 19
1694336557777 4.911412626009834e+177 20
1694336557847 1.5120342436527642e+181 21
1694336557894 4.654969411185447e+184 22
1694336557948 1.4330852829579458e+188 23
1694336557995 4.411916055335892e+191 24
1694336558049 1.3582585426565872e+195 25
1694336558096 4.1815534238652704e+198 26
1694336558149 1.2873387862107668e+202 27
1694336558196 3.9632188866086797e+205 28
1694336558247 1.2201220153868841e+209 29
