1694345676337 167.33396042331043 0
1694345676526 167.3005566605423 1
1694345676705 167.2671602528789 2
1694345676886 167.2337711986327 3
1694345677225 167.20038949611654 4
1694345677531 167.16701514364368 5
1694345677736 167.13364813952785 6
1694345677919 167.10028848208302 7
1694345678229 167.06693616962374 8
1694345678448 167.03359120046483 9
1694345678626 167.00025357292145 10
1694345678769 166.96692328530935 11
1694345678951 166.9336003359445 12
1694345679112 166.90028472314341 13
1694345679233 166.8669764452228 14
1694345679349 166.83367550049996 15
1694345679475 166.80038188729247 16
1694345679637 166.76709560391845 17
1694345679791 166.73381664869615 18
1694345679911 166.70054501994449 19
1694345680053 166.66728071598263 20
1694345680219 166.63402373513014 21
1694345680379 166.60077407570702 22
1694345680525 166.56753173603366 23
1694345680647 166.5342967144309 24
1694345680939 166.50106900921975 25
1694345681208 166.46784861872186 26
1694345681382 166.4346355412592 27
1694345681553 166.4014297751542 28
1694345681826 166.36823131872944 29
