1694342901424 169.089027582395 0
1694342901645 167.62677553512307 1
1694342901798 167.1021961490618 2
1694342901941 166.50197321695853 3
1694342902107 165.948036319074 4
1694342902285 165.3932353924715 5
1694342902443 164.84903345736817 6
1694342902843 164.30954902907797 7
1694342903186 163.77543077888402 8
1694342903475 163.2457029263991 9
1694342903663 162.7202118696046 10
1694342903784 162.19871026729868 11
1694342903956 161.68108467868487 12
1694342904103 161.1672396906838 13
1694342904301 160.65711080475432 14
1694342904467 160.15064548237612 15
1694342904625 159.64780053641624 16
1694342904796 159.1485377593258 17
1694342904956 158.65282224019097 18
1694342905099 158.16062106430545 19
1694342905580 157.67190263610792 20
1694342905872 157.18663624395623 21
1694342906098 156.70479181065312 22
1694342906304 156.22633974078695 23
1694342906494 155.7512508300941 24
1694342906649 155.27949621026406 25
1694342906813 154.8110473153003 26
1694342906958 154.3458758605535 27
1694342907138 153.88395382934902 28
1694342907309 153.42525346412222 29
