1694346580445 169.26349932683328 0
1694346580672 169.24658915213405 1
1694346580863 169.22970213272112 2
1694346581022 169.2128169690615 3
1694346581194 169.1959336623535 4
1694346581628 169.17905221238428 5
1694346581894 169.16217261894118 6
1694346582310 169.1452948818116 7
1694346582624 169.12841900078277 8
1694346582977 169.11154497564226 9
1694346583327 169.09467280617739 10
1694346583690 169.07780249217555 11
1694346583987 169.06093403342433 12
1694346584243 169.04406742971116 13
1694346584437 169.0272026808236 14
1694346584643 169.01033978654908 15
1694346584859 168.99347874667532 16
1694346585065 168.97661956098983 17
1694346585243 168.95976222928022 18
1694346585423 168.94290675133422 19
1694346585582 168.92605312693937 20
1694346585894 168.90920135588348 21
1694346586169 168.89235143795418 22
1694346586429 168.87550337293925 23
1694346586631 168.8586571606265 24
1694346586844 168.84181280080367 25
1694346587090 168.82497029325856 26
1694346587295 168.8081296377791 27
1694346587506 168.79129083415302 28
1694346587703 168.77445388216833 29
