1694342960081 2.167269003047383e+46 0
1694342960323 5.830372679247487e+47 1
1694342960526 1.5723184060955384e+49 2
1694342960690 4.2390987285211526e+50 3
1694342960854 1.1429262488683641e+52 4
1694342960996 3.0814963880201002e+53 5
1694342961129 8.308167558554041e+54 6
1694342961305 2.240004120153333e+56 7
1694342961446 6.039380451991402e+57 8
1694342961574 1.6283057653066576e+59 9
1694342961680 4.3901517490102064e+60 10
1694342961795 1.1836494588371191e+62 11
1694342961908 3.191292970047839e+63 12
1694342962051 8.604195055081624e+64 13
1694342962198 2.319817492180341e+66 14
1694342962312 6.254569035888522e+67 15
1694342962442 1.6863237714415032e+69 16
1694342962582 4.5465768237775017e+70 17
1694342962700 1.2258239588735954e+72 18
1694342962865 3.305001622957441e+73 19
1694342963121 8.910770301625008e+74 20
1694342963342 2.4024746861476887e+76 21
1694342963489 6.477424983705227e+77 22
1694342963643 1.746409011568225e+79 23
1694342963921 4.708575465341875e+80 24
1694342964131 1.269501174464905e+82 25
1694342964313 3.422761817943497e+83 26
1694342964472 9.228269101294754e+84 27
1694342964604 2.4880770306442e+86 28
1694342964722 6.7082214903666495e+87 29
