1694338551460 169.089027582395 0
1694338551513 1647.0555026711197 1
1694338551578 6470061.006899041 2
1694338551648 26998198029.9575 3
1694338551715 112659614932305.92 4
1694338551783 4.701124410486761e+17 5
1694338551844 1.9617118998201e+21 6
1694338551900 8.185942855095762e+24 7
1694338551962 3.415876736693026e+28 8
1694338552017 1.425396449355507e+32 9
1694338552071 5.9479752767726206e+35 10
1694338552131 2.4820049123241955e+39 11
1694338552190 1.0357051094106207e+43 12
1694338552250 4.321849116143688e+46 13
1694338552313 1.803445750435774e+50 14
1694338552376 7.525520876274641e+53 15
1694338552433 3.140292101692598e+57 16
1694338552499 1.3103989273410456e+61 17
1694338552564 5.468107084213704e+64 18
1694338552625 2.2817627869323106e+68 19
1694338552697 9.521469378059428e+71 20
1694338552762 3.973172830958849e+75 21
1694338552828 1.65794812941854e+79 22
1694338552902 6.91838013796914e+82 23
1694338553047 2.886940965410802e+86 24
1694338553128 1.2046791259743655e+90 25
1694338553227 5.026953491415959e+93 26
1694338553302 2.0976757096558946e+97 27
1694338553378 8.753300364513445e+100 28
1694338553436 3.65262690122679e+104 29
