1694348721275 0.30570600022398314 0
1694348721416 0.31664652102618296 1
1694348721528 0.24792315913505888 2
1694348721673 0.2212533384851458 3
1694348721790 0.36355196274638246 4
1694348721919 0.28526143489651345 5
1694348722037 0.23017172639252323 6
1694348722248 0.2954523807159084 7
1694348722473 0.23421027664416758 8
1694348722616 0.21442835961090015 9
1694348722727 0.2809520403193866 10
1694348722850 0.26912019050451513 11
1694348723008 0.25603065119279933 12
1694348723139 0.2782812526533049 13
1694348723458 0.25456079251639857 14
1694348723793 0.2550246424558057 15
1694348724044 0.2964198011434452 16
1694348724355 0.3416117559548273 17
1694348724581 0.25937713333359347 18
1694348724762 0.2881676513435175 19
1694348724910 0.24900572628818288 20
1694348725029 0.19301813268183357 21
1694348725179 0.2612471912956546 22
1694348725310 0.5971413620453727 23
1694348725495 0.2707234311699924 24
1694348725611 0.23594788586199267 25
1694348725739 0.26145087386603394 26
1694348725875 0.23467461031846903 27
1694348726009 0.2121776793748048 28
1694348726188 0.22981665876103613 29
