1694342883952 2.8854150973522834e+88 0
1694342884144 5.870931538504345e+87 1
1694342884334 4.890765458189351e+87 2
1694342884494 7.990921261938355e+86 3
1694342884633 8.46978283209288e+86 4
1694342884821 1.0278060568283526e+86 5
1694342885037 1.506714391787752e+86 6
1694342885266 1.2318403559131368e+85 7
1694342885599 2.7855153157270283e+85 8
1694342885827 1.5595426290354273e+84 9
1694342886107 5.57092022622217e+84 10
1694342886302 4.598219236055254e+83 11
1694342886487 1.3897514881084055e+84 12
1694342886633 3.7128963250112744e+83 13
1694342886745 5.701041121891367e+83 14
1694342886865 3.5941464712842274e+83 15
1694342886990 3.96532740046268e+83 16
1694342887114 3.488088353476971e+83 17
1694342887254 3.520971303240866e+83 18
1694342887379 3.3811019263885137e+83 19
1694342887529 3.348058088695615e+83 20
1694342887685 3.2810997936930175e+83 21
1694342887807 3.2374890173749315e+83 22
1694342887943 3.18807525571273e+83 23
1694342888077 3.14450222590146e+83 24
1694342888209 3.100677112478284e+83 25
1694342888355 3.058926430735134e+83 26
1694342888644 3.017944009247602e+83 27
1694342888893 2.9781658193893535e+83 28
1694342889095 2.9392867346585677e+83 29
