1694342301340 165.78575673357057 0
1694342301580 165.6767488999385 1
1694342301799 165.56794408450799 2
1694342302001 165.4593356360288 3
1694342302186 165.35091760879143 4
1694342302333 165.24268468521302 5
1694342302561 165.13463210692237 6
1694342302694 165.0267556134099 7
1694342302823 164.91905138741268 8
1694342302950 164.81151600629505 9
1694342303067 164.70414639876665 10
1694342303184 164.59693980635177 11
1694342303318 164.4898937490885 12
1694342303465 164.38300599499362 13
1694342303604 164.2762745328791 14
1694342303741 164.16969754815338 15
1694342303912 164.06327340127837 16
1694342304049 163.95700060859195 17
1694342304176 163.85087782523564 18
1694342304431 163.74490382995586 19
1694342304631 163.6390775115745 20
1694342304818 163.53339785694402 21
1694342304968 163.42786394022497 22
1694342305112 163.32247491334064 23
1694342305401 163.21722999747956 24
1694342305603 163.11212847553054 25
1694342305810 163.00716968534826 26
1694342305987 162.90235301375844 27
1694342306126 162.79767789122027 28
1694342306253 162.69314378707568 29
