1694342683964 4.147216514334636e+83 0
1694342684156 3.606875426725638e+81 1
1694342684316 6.198640795775501e+79 2
1694342684595 3.022846618235449e+79 3
1694342684802 2.8845622763813622e+79 4
1694342684972 2.7807667360720102e+79 5
1694342685126 2.6846408199243377e+79 6
1694342685244 2.5951429516878207e+79 7
1694342685361 2.511560440050977e+79 8
1694342685525 2.433275008226832e+79 9
1694342685661 2.3597478637231045e+79 10
1694342685804 2.2905085415139815e+79 11
1694342685942 2.2251453829417725e+79 12
1694342686077 2.163297395320748e+79 13
1694342686204 2.1046472885768557e+79 14
1694342686329 2.0489155156035008e+79 15
1694342686453 1.9958551687279602e+79 16
1694342686574 1.9452476065698185e+79 17
1694342686698 1.8968987042032704e+79 18
1694342686843 1.8506356353944343e+79 19
1694342686955 1.806304109185765e+79 20
1694342687207 1.7637659945935102e+79 21
1694342687405 1.7228972769698904e+79 22
1694342687599 1.6835862979136125e+79 23
1694342687760 1.645732237706976e+79 24
1694342687903 1.609243805299324e+79 25
1694342688171 1.5740381060017608e+79 26
1694342688374 1.5400396614402292e+79 27
1694342688551 1.5071795600467595e+79 28
1694342688707 1.475394719548593e+79 29
