1694346088515 167.67604685302976 0
1694346088687 167.64256906555772 1
1694346088869 167.60909865002392 2
1694346089033 167.57563560473693 3
1694346089240 167.5421799280056 4
1694346089404 167.50873161813934 5
1694346089668 167.47529067344783 6
1694346089972 167.44185709224118 7
1694346090222 167.40843087283 8
1694346090650 167.37501201352507 9
1694346090896 167.34160051263788 10
1694346091078 167.30819636847997 11
1694346091249 167.2747995793636 12
1694346091415 167.24141014360114 13
1694346091597 167.20802805950555 14
1694346091741 167.17465332539018 15
1694346091890 167.1412859395686 16
1694346092051 167.107925900355 17
1694346092235 167.07457320606383 18
1694346092418 167.04122785501002 19
1694346092568 167.00788984550874 20
1694346092779 166.97455917587575 21
1694346093070 166.94123584442704 22
1694346093376 166.90791984947919 23
1694346093639 166.87461118934894 24
1694346093916 166.84130986235357 25
1694346094160 166.80801586681076 26
1694346094518 166.77472920103855 27
1694346094823 166.74144986335534 28
1694346095134 166.70817785208 29
