1694344996429 169.45245938527793 0
1694344996678 169.41864927503423 1
1694344996843 169.38484592380402 2
1694344997008 169.35104933023584 3
1694344997213 169.31725949297845 4
1694344997480 169.2834764106809 5
1694344997672 169.2497000819925 6
1694344997842 169.21593050556285 7
1694344998067 169.18216768004177 8
1694344998222 169.14841160407943 9
1694344998373 169.11466227632616 10
1694344998504 169.0809196954327 11
1694344998676 169.04718386004993 12
1694344998875 169.0134547688291 13
1694344999184 168.97973242042164 14
1694344999441 168.94601681347933 15
1694344999661 168.91230794665412 16
1694344999880 168.8786058185984 17
1694345000179 168.8449104279646 18
1694345000433 168.81122177340566 19
1694345000576 168.7775398535746 20
1694345000765 168.7438646671248 21
1694345000932 168.71019621270983 22
1694345001092 168.67653448898372 23
1694345001250 168.64287949460052 24
1694345001400 168.6092312282147 25
1694345001581 168.57558968848102 26
1694345001728 168.54195487405434 27
1694345001882 168.50832678359006 28
1694345002048 168.47470541574356 29
