1694338853726 0.9036752804096029 0
1694338853811 0.8570221452501817 1
1694338853902 0.8141928289130662 2
1694338853993 0.7750425566287917 3
1694338854087 0.7392334335444894 4
1694338854174 0.7064694329103013 5
1694338854258 0.6764807611830016 6
1694338854337 0.6490221137225453 7
1694338854425 0.6238703897058937 8
1694338854513 0.6008226580308573 9
1694338854607 0.5796943088353563 10
1694338854707 0.5603173757930945 11
1694338854813 0.5425390132204609 12
1694338854907 0.5262201136539434 13
1694338855015 0.5112340528821632 14
1694338855112 0.4974655506264899 15
1694338855202 0.484809636160867 16
1694338855296 0.4731707091561566 17
1694338855390 0.46246168693633616 18
1694338855481 0.45260323015203296 19
1694338855627 0.4435230396188741 20
1694338855772 0.43515521774114924 21
1694338855922 0.4274396885516514 22
1694338856040 0.4203216709522359 23
1694338856146 0.4137512002417937 24
1694338856253 0.407682693473858 25
1694338856422 0.40207455459920105 26
1694338856595 0.39688881572359375 27
1694338856731 0.3920908111508363 28
1694338856855 0.38764888118958596 29
