1694338589911 0.7623584543492824 0
1694338590051 0.6901943359841578 1
1694338590154 0.6305981829887126 2
1694338590274 0.5812942534928426 3
1694338590367 0.5404281033516926 4
1694338590468 0.5064876396011944 5
1694338590571 0.4782390649150993 6
1694338590686 0.45467489444794335 7
1694338590818 0.4349717609600677 8
1694338590910 0.418456157169183 9
1694338591001 0.40457661512846593 10
1694338591068 0.3928811067031562 11
1694338591200 0.3829986795501797 12
1694338591275 0.3746245296406009 13
1694338591361 0.367507862599288 14
1694338591475 0.3614420186907875 15
1694338591603 0.3562564355991989 16
1694338591691 0.3518101036430632 17
1694338591776 0.3479862333065198 18
1694338591865 0.3446879078495526 19
1694338591935 0.34183453662756136 20
1694338592006 0.33935895950337414 21
1694338592068 0.33720508091190654 22
1694338592138 0.3353259349858164 23
1694338592203 0.333682101679753 24
1694338592273 0.3322404088596072 25
1694338592440 0.3309728675146309 26
1694338592535 0.32985579714174984 27
1694338592646 0.3288691063782173 28
1694338592740 0.3279957004737882 29
