1694343402866 51.60197952865904 0
1694343403065 50.59530289339441 1
1694343403237 49.60854417331578 2
1694343403385 48.64128129907219 3
1694343403540 47.69316372933621 4
1694343403681 46.76376407977423 5
1694343403790 45.85276846298994 6
1694343403901 44.95974351827222 7
1694343404001 44.084410525554375 8
1694343404114 43.2263304265829 9
1694343404293 42.38525823454045 10
1694343404412 41.56074946754239 11
1694343404508 40.75259148865574 12
1694343404633 39.96040909795374 13
1694343404756 39.18380240920092 14
1694343404878 38.42261273673118 15
1694343404982 37.67637539609094 16
1694343405085 36.944960620162306 17
1694343405191 36.227997961206604 18
1694343405307 35.525094230696794 19
1694343405421 34.83616868876423 20
1694343405556 34.16073849146289 21
1694343405654 33.49874867822782 22
1694343405777 32.84983315329906 23
1694343406009 32.21360488287243 24
1694343406181 31.59005342924292 25
1694343406354 30.978813525126355 26
1694343406487 30.37950007479535 27
1694343406610 29.792144536089655 28
1694343406819 29.216382427494523 29
