1694344879568 169.4595789888095 0
1694344879734 169.1216158784967 1
1694344879911 168.78432808924492 2
1694344880051 168.44771427132693 3
1694344880211 168.1117730777141 4
1694344880419 167.77650316407045 5
1694344880613 167.44190318874757 6
1694344880843 167.10797181277925 7
1694344881155 166.77470769987588 8
1694344881366 166.4421095164194 9
1694344881589 166.11017593145772 10
1694344881774 165.77890561669952 11
1694344881966 165.44829724650887 12
1694344882125 165.11834949789997 13
1694344882302 164.7890610505318 14
1694344882443 164.46043058670287 15
1694344882612 164.1324567913459 16
1694344882762 163.80513835202262 17
1694344882929 163.47847395891836 18
1694344883084 163.15246230483712 19
1694344883239 162.8271020851959 20
1694344883587 162.50239199801982 21
1694344883833 162.17833074393678 22
1694344884042 161.85491702617225 23
1694344884289 161.5321495505441 24
1694344884583 161.21002702545738 25
1694344884810 160.8885481618992 26
1694344885022 160.5677116734335 27
1694344885211 160.24751627619597 28
1694344885363 159.9279606888888 29
