1694341320212 169.08902758239503 0
1694341320291 137.03598120269328 1
1694341320373 125.15781885934173 2
1694341320454 113.54300086378994 3
1694341320551 103.04697803715952 4
1694341320648 93.52195948924737 5
1694341320749 84.8801091774817 6
1694341320846 77.03942483449167 7
1694341320958 69.92562486555364 8
1694341321073 63.47131073321346 9
1694341321187 57.61533458091852 10
1694341321302 52.302219146100114 11
1694341321418 47.48163181052718 12
1694341321715 43.1079074285397 13
1694341321894 39.13961542352803 14
1694341322067 35.53916704399214 15
1694341322193 32.27245905277813 16
1694341322298 29.308550468925887 17
1694341322399 26.619369295333172 18
1694341322509 24.179446450076778 19
1694341322611 21.965674377439566 20
1694341322719 19.957088048928178 21
1694341322846 18.134666277056596 22
1694341322991 16.48115145743479 23
1694341323109 14.980886029571826 24
1694341323207 13.61966410544037 25
1694341323310 12.38459685876286 26
1694341323406 11.26399039853412 27
1694341323491 10.247234968733466 28
1694341323590 9.324704423624837 29
