1694343250519 154.02808049995556 0
1694343250658 153.56236463117074 1
1694343250788 153.102566997377 2
1694343250946 152.64570247964934 3
1694343251087 152.19176521017238 4
1694343251216 151.7407299656574 5
1694343251342 151.29257465989917 6
1694343251486 150.84727667502554 7
1694343251623 150.40481383959852 8
1694343251757 149.96516412631473 9
1694343251899 149.52830572094544 10
1694343252082 149.0942169919417 11
1694343252374 148.66287649148745 12
1694343252618 148.23426294979515 13
1694343252818 147.80835527264605 14
1694343252992 147.38513253885765 15
1694343253170 146.96457399830624 16
1694343253451 146.5466590701331 17
1694343253672 146.13136734111822 18
1694343253886 145.71867856414903 19
1694343254024 145.30857265675795 20
1694343254154 144.90102969970488 21
1694343254298 144.49602993559338 22
1694343254461 144.0935537675113 23
1694343254651 143.69358175769128 24
1694343254798 143.29609462618765 25
1694343254936 142.90107324956736 26
1694343255072 142.50849865961408 27
1694343255190 142.11835204204434 28
1694343255315 141.730614735235 29
