1694344297776 169.45302380405576 0
1694344297918 169.11235489732144 1
1694344298086 168.94248942845292 2
1694344298233 168.77789463218545 3
1694344298365 168.6108683383273 4
1694344298510 168.44400956853656 5
1694344298710 168.27731685760799 6
1694344298915 168.11079004058425 7
1694344299261 167.94442895202334 8
1694344299507 167.77823342664865 9
1694344299811 167.61220329934886 10
1694344299980 167.44633840517722 11
1694344300162 167.28063857935194 12
1694344300302 167.1151036572556 13
1694344300440 166.9497334744352 14
1694344300601 166.7845278666019 15
1694344300798 166.61948666963107 16
1694344300962 166.45460971956174 17
1694344301132 166.28989685259685 18
1694344301292 166.12534790510276 19
1694344301467 165.96096271360923 20
1694344301880 165.79674111480935 21
1694344302208 165.63268294555914 22
1694344302516 165.4687880428776 23
1694344302904 165.30505624394644 24
1694344303207 165.14148738611 25
1694344303402 164.9780813068749 26
1694344303591 164.8148378439102 27
1694344303782 164.65175683504683 28
1694344304013 164.48883811827784 29
