1694336576061 0.5956037614729315 0
1694336576110 0.5344308813071856 1
1694336576179 0.48485770684226936 2
1694336576226 0.444682495719001 3
1694336576286 0.41212165984231564 4
1694336576320 0.38573032278578623 5
1694336576361 0.364337973067571 6
1694336576408 0.34699634438329735 7
1694336576455 0.3329371991536802 8
1694336576494 0.32153813337483034 9
1694336576525 0.31229487844802095 10
1694336576579 0.3047988653687927 11
1694336576611 0.2987190512954288 12
1694336576658 0.29378719856024277 13
1694336576692 0.2897859501104613 14
1694336576754 0.286539170034298 15
1694336576800 0.2839041188024298 16
1694336576846 0.2817651146391061 17
1694336576893 0.2800283986779848 18
1694336576940 0.27861797520970755 19
1694336576987 0.27747224178388175 20
1694336577029 0.2765412591254115 21
1694336577091 0.27578453933358976 22
1694336577129 0.275169253923258 23
1694336577191 0.27466878197027217 24
1694336577244 0.2742615337724287 25
1694336577306 0.2739299977073086 26
1694336577366 0.27365996790725877 27
1694336577423 0.27343991842203974 28
1694336577481 0.27326049606037967 29
