1694340952980 0.7623584543492823 0
1694340953088 0.6901943359841579 1
1694340953199 0.6305981829887127 2
1694340953326 0.5812942534928426 3
1694340953603 0.5404281033516926 4
1694340953777 0.5064876396011944 5
1694340953962 0.4782390649150993 6
1694340954113 0.45467489444794335 7
1694340954373 0.4349717609600677 8
1694340954650 0.41845615716918294 9
1694340954823 0.40457661512846593 10
1694340955005 0.3928811067031562 11
1694340955172 0.38299867955017985 12
1694340955307 0.3746245296406009 13
1694340955425 0.367507862599288 14
1694340955535 0.36144201869078757 15
1694340955646 0.35625643559919895 16
1694340955744 0.3518101036430632 17
1694340955844 0.3479862333065198 18
1694340955946 0.3446879078495526 19
1694340956063 0.3418345366275614 20
1694340956188 0.33935895950337414 21
1694340956309 0.33720508091190654 22
1694340956425 0.3353259349858164 23
1694340956510 0.333682101679753 24
1694340956610 0.3322404088596072 25
1694340956708 0.33097286751463095 26
1694340956803 0.3298557971417499 27
1694340956912 0.32886910637821737 28
1694340957144 0.32799570047378823 29
