1694348726533 0.27424348252840747 0
1694348726694 0.2412957380230534 1
1694348726835 0.25345405629523443 2
1694348727099 0.22519318371136696 3
1694348727350 0.2566322343950392 4
1694348727568 0.23216250662505253 5
1694348727756 0.28737710172862185 6
1694348728101 0.21366408820281999 7
1694348728299 0.3026159285268579 8
1694348728466 0.34695117088908994 9
1694348728637 0.26206875217907266 10
1694348728803 0.3274852931776812 11
1694348728987 0.22348725036950537 12
1694348729115 0.3214479767164644 13
1694348729226 0.21697833503043792 14
1694348729342 0.22803065160817568 15
1694348729488 0.21104453886958244 16
1694348729598 0.34640657823361465 17
1694348729719 0.2140021109232407 18
1694348729839 0.26456956832704726 19
1694348729967 0.25518433921466466 20
1694348730093 0.2606267566867484 21
1694348730198 0.23186603038018463 22
1694348730305 0.19038671011492647 23
1694348730432 0.2787282954658596 24
1694348730735 0.31444553783873447 25
1694348731033 0.3068073936168016 26
1694348731301 0.24517088793546238 27
1694348731471 0.2493121856732361 28
1694348731772 0.2653981834022857 29
