1694342495472 170.50568273333562 0
1694342495649 186.67680462403825 1
1694342495795 1003.3297187025098 2
1694342495931 26071.799301402618 3
1694342496101 787224.5828878231 4
1694342496266 23890920.55836514 5
1694342496423 725164108.0486025 6
1694342496726 22011107213.000523 7
1694342496944 668109344822.6033 8
1694342497184 20279311465121.605 9
1694342497329 615543663251176.4 10
1694342497469 1.868377050287153e+16 11
1694342497597 5.671137582023718e+17 12
1694342497734 1.7213763929127066e+19 13
1694342497866 5.22494233867587e+20 14
1694342497991 1.5859414916393706e+22 15
1694342498118 4.813852961180684e+23 16
1694342498247 1.4611623728889346e+25 17
1694342498402 4.4351073810587905e+26 18
1694342498548 1.3462006582219404e+28 19
1694342498673 4.086160844575895e+29 20
1694342498778 1.2402839313567245e+31 21
1694342498896 3.7646688147963365e+32 22
1694342499037 1.1427005483814398e+34 23
1694342499300 3.468471218873699e+35 24
1694342499522 1.0527948562898042e+37 25
1694342499702 3.19557793473688e+38 26
1694342499843 9.699627877139099e+39 27
1694342500081 2.944155419658705e+41 28
1694342500319 8.936478022559344e+42 29
