1694342654575 163.2186482499487 0
1694342654732 163.10128941822865 1
1694342654870 162.98431398620923 2
1694342655046 162.86771714553893 3
1694342655329 162.75149417164738 4
1694342655508 162.63564042223692 5
1694342655732 162.52015133580124 6
1694342655897 162.40502243017065 7
1694342656049 162.2902493010842 8
1694342656307 162.17582762078692 9
1694342656514 162.06175313665264 10
1694342656715 161.94802166983177 11
1694342656900 161.83462911392334 12
1694342657036 161.72157143367133 13
1694342657185 161.60884466368393 14
1694342657330 161.49644490717645 15
1694342657467 161.384368334737 16
1694342657609 161.27261118311387 17
1694342657736 161.1611697540253 18
1694342657875 161.05004041299077 19
1694342658022 160.93921958818288 20
1694342658168 160.8287037693006 21
1694342658314 160.71848950646242 22
1694342658463 160.60857340911966 23
1694342658610 160.49895214498943 24
1694342658736 160.38962243900656 25
1694342658994 160.28058107229506 26
1694342659201 160.17182488115736 27
1694342659434 160.06335075608263 28
1694342659598 159.95515564077223 29
