1694336339397 118.13033474239862 0
1694336339432 83.28350458261463 1
1694336339463 58.55004566413611 2
1694336339495 41.5175552199581 3
1694336339533 28.37733883505111 4
1694336339564 20.567363923377254 5
1694336339596 14.174044801605843 6
1694336339630 10.041061959916654 7
1694336339695 6.77290154120441 8
1694336339718 5.215819405865246 9
1694336339750 3.292105808275912 10
1694336339781 2.56414723405294 11
1694336339812 1.7425361510977078 12
1694336339834 1.1037142015191834 13
1694336339881 1.07009233767399 14
1694336339912 0.8200955058883928 15
1694336339946 0.6764610237910057 16
1694336339982 0.5775641710959414 17
1694336340021 0.3884948669549348 18
1694336340050 0.3847721902416349 19
1694336340082 0.3582711468275574 20
1694336340128 0.33419249180875793 21
1694336340153 0.3227641815184808 22
1694336340184 0.2971278653553579 23
1694336340229 0.30561201989847897 24
1694336340268 0.2552114165703902 25
1694336340299 0.33479575018572405 26
1694336340331 0.48373095300934793 27
1694336340368 0.28347148265060423 28
1694336340399 0.2639415559071433 29
