1694342823468 140.57508290854454 0
1694342823780 140.09084493638716 1
1694342824037 139.67218915043756 2
1694342824227 139.25677125111147 3
1694342824442 138.84700817056634 4
1694342824696 138.44247456205 5
1694342825007 138.0428994050553 6
1694342825218 137.64802804975307 7
1694342825364 137.25762650180496 8
1694342825529 136.87147942399335 9
1694342825669 136.48938857563175 10
1694342825840 136.11117137196567 11
1694342825976 135.73665956612857 12
1694342826161 135.3656980426914 13
1694342826340 134.99814371337655 14
1694342826490 134.63386450627877 15
1694342826679 134.27273844067042 16
1694342826863 133.91465278013933 17
1694342827040 133.55950325742253 18
1694342827360 133.20719336486118 19
1694342827590 132.85763370491685 20
1694342827824 132.51074139566006 21
1694342828041 132.1664395265742 22
1694342828198 131.82465666041074 23
1694342828418 131.48532637719538 24
1694342828605 131.148386856813 25
1694342828789 130.8137804969032 26
1694342828955 130.4814535630751 27
1694342829114 130.15135586870272 28
1694342829254 129.82344048179587 29
