1694346405731 169.44375445346793 0
1694346405967 166.07894675094664 1
1694346406179 164.44918301929366 2
1694346406342 162.82699408615562 3
1694346406544 161.22252214662305 4
1694346406727 159.63550486597808 5
1694346407191 158.06574472694436 6
1694346407602 156.51304613271344 7
1694346407923 154.97721575757828 8
1694346408146 153.45806251801906 9
1694346408328 151.95539754638614 10
1694346408507 150.46903416488024 11
1694346408711 148.99878785984066 12
1694346408879 147.54447625633694 13
1694346409071 146.10591909306112 14
1694346409249 144.68293819751665 15
1694346409503 143.27535746150056 16
1694346409917 141.8830028168753 17
1694346410303 140.50570221162678 18
1694346410572 139.1432855862058 19
1694346410863 137.79558485014817 20
1694346411127 136.46243385897202 21
1694346411356 135.1436683913474 22
1694346411555 133.8391261265359 23
1694346411769 132.5486466220966 24
1694346411932 131.27207129185572 25
1694346412112 130.00924338413608 26
1694346412320 128.76000796024402 27
1694346412532 127.52421187321048 28
1694346412681 126.30170374678268 29
