1694344566405 92.93424844449966 0
1694344566639 91.09118400406732 1
1694344566821 89.28479126674824 2
1694344567036 87.51434039305063 3
1694344567238 85.7791160717132 4
1694344567430 84.07841723044405 5
1694344567768 82.41155675242034 6
1694344568099 80.77786119843381 7
1694344568468 79.17667053457 8
1694344568764 77.60733786531046 9
1694344569042 76.06922917195043 10
1694344569285 74.56172305622565 11
1694344569529 73.08421048904493 12
1694344569731 71.63609456422643 13
1694344569914 70.21679025713802 14
1694344570068 68.82572418814445 15
1694344570211 67.46233439076488 16
1694344570369 66.12607008444746 17
1694344570526 64.81639145186892 18
1694344570667 63.5327694206688 19
1694344570816 62.27468544953012 20
1694344570969 61.04163131852003 21
1694344571153 59.833108923605444 22
1694344571322 58.64863007526043 23
1694344571642 57.48771630108399 24
1694344571888 56.34989865234839 25
1694344572159 55.23471751439953 26
1694344572374 54.14172242083284 27
1694344572747 53.070471871369335 28
1694344573036 52.02053315335835 29
