1694343944586 169.08902758239503 0
1694343944738 165.73195717333064 1
1694343944886 164.12613470536252 2
1694343945039 162.51385480667074 3
1694343945184 160.918126179189 4
1694343945339 159.33788552743448 5
1694343945474 157.7734326835246 6
1694343945603 156.2242636103452 7
1694343945732 154.69034075511652 8
1694343946046 153.17187678469145 9
1694343946313 151.668169093757 10
1694343946431 150.17951222527 11
1694343946572 148.70550588519956 12
1694343946688 147.2456749869006 13
1694343946827 145.80083976522465 14
1694343946972 144.37009676444345 15
1694343947136 142.9534901593269 16
1694343947284 141.55072747931416 17
1694343947412 140.16179168823788 18
1694343947529 138.7868862685653 19
1694343947658 137.42527911879145 20
1694343947809 136.07735877907675 21
1694343947930 134.74268030452905 22
1694343948064 133.42101820226694 23
1694343948208 132.11239418891796 24
1694343948370 130.8170107665249 25
1694343948639 129.5342949125265 26
1694343948867 128.26407023904537 27
1694343949079 127.00665641906684 28
1694343949247 125.76157838870026 29
