1694345867001 55.42427750479331 0
1694345867204 54.49010730665047 1
1694345867518 53.57500294199731 2
1694345867734 52.67854783471903 3
1694345867933 51.80033489875211 4
1694345868137 50.93996631672126 5
1694345868284 50.097053323807295 6
1694345868437 49.27121599672123 7
1694345868598 48.46208304766327 8
1694345868744 47.66929162314785 9
1694345868920 46.89248710757917 10
1694345869065 46.131322931464005 11
1694345869225 45.385460384151585 12
1694345869361 44.654568430992896 13
1694345869507 43.93832353481417 14
1694345869687 43.23640948160205 15
1694345869845 42.54851721030038 16
1694345870043 41.87434464662054 17
1694345870325 41.213596540770396 18
1694345870599 40.56598430900826 19
1694345870748 39.931225878931244 20
1694345870994 39.30904553840917 21
1694345871213 38.69917378807736 22
1694345871427 38.101347197303866 23
1694345871585 37.51530826354847 24
1694345871706 36.94080527503305 25
1694345871832 36.37759217664453 26
1694345871954 35.82542843899363 27
1694345872131 35.28407893055475 28
1694345872305 34.75331379281336 29
