1694343090595 170.49623586767456 0
1694343090751 170.26695446703465 1
1694343090868 170.16229845722336 2
1694343090997 170.05868135567093 3
1694343091130 169.95804697500316 4
1694343091267 169.86014830883204 5
1694343091412 169.76482044411097 6
1694343091546 169.67190651454297 7
1694343091828 169.58125944584978 8
1694343092114 169.4927412757697 9
1694343092363 169.40622259161987 10
1694343092555 169.32158200026765 11
1694343092676 169.2387056310362 12
1694343092789 169.15748666941957 13
1694343092904 169.07782491970195 14
1694343093032 168.99962639468788 15
1694343093154 168.92280293086324 16
1694343093333 168.8472718274113 17
1694343093491 168.77295550760408 18
1694343093669 168.69978120118336 19
1694343093815 168.62768064642916 20
1694343093987 168.55658981069575 21
1694343094141 168.48644862827055 22
1694343094440 168.41720075448254 23
1694343094698 168.34879333505154 24
1694343094978 168.28117678973553 25
1694343095226 168.21430460938814 26
1694343095437 168.14813316559605 27
1694343095696 168.0826215321161 28
1694343095916 168.01773131738065 29
