1694340928424 170.5025982910565 0
1694340928513 3898.82360935531 1
1694340928608 15866701.300900387 2
1694340928709 66208993705.22523 3
1694340928822 276280651804786.38 4
1694340928926 1.1528795985372748e+18 5
1694340929016 4.810801480738153e+21 6
1694340929115 2.0074785707393602e+25 7
1694340929221 8.376920619388002e+28 8
1694340929341 3.495569023069715e+32 9
1694340929444 1.458650899325017e+36 10
1694340929553 6.086741334700403e+39 11
1694340929740 2.539910001268597e+43 12
1694340929967 1.0598680738684257e+47 13
1694340930149 4.42267770686563e+50 14
1694340930301 1.8455200775520695e+54 15
1694340930451 7.701091018593843e+57 16
1694340930567 3.2135550080458726e+61 17
1694340930671 1.3409704890908182e+65 18
1694340930780 5.595677833770558e+68 19
1694340930883 2.3349962340021817e+72 20
1694340931005 9.743604930040243e+75 21
1694340931116 4.0658668159811587e+79 22
1694340931228 1.6966280020580103e+83 23
1694340931342 7.079785707817675e+86 24
1694340931446 2.954293198498417e+90 25
1694340931562 1.2327842484069146e+94 26
1694340931655 5.1442321428781974e+97 27
1694340931739 2.1466144115662233e+101 28
1694340931832 8.957514559919652e+104 29
