1694346385687 168.32144982146752 0
1694346385901 168.30463009355816 1
1694346386094 168.287821962912 2
1694346386303 168.27101568236114 3
1694346386521 168.25421125250554 4
1694346387103 168.23740867313282 5
1694346387453 168.2206079440307 6
1694346387829 168.2038090649868 7
1694346388142 168.18701203578894 8
1694346388383 168.1702168562249 9
1694346388625 168.15342352608246 10
1694346388834 168.1366320451494 11
1694346389040 168.11984241321355 12
1694346389233 168.10305463006281 13
1694346389428 168.0862686954851 14
1694346389616 168.06948460926827 15
1694346389787 168.05270237120035 16
1694346389977 168.0359219810692 17
1694346390167 168.01914343866284 18
1694346390539 168.00236674376933 19
1694346390783 167.9855918961767 20
1694346391086 167.968818895673 21
1694346391411 167.95204774204623 22
1694346391704 167.93527843508468 23
1694346391915 167.9185109745764 24
1694346392110 167.90174536030952 25
1694346392314 167.8849815920723 26
1694346392492 167.8682196696529 27
1694346392645 167.8514595928396 28
1694346392805 167.83470136142063 29
