1694345993379 168.77588526613874 0
1694345993529 168.7422135468469 1
1694345993666 168.70854923299186 2
1694345993848 168.67489232287707 3
1694345994014 168.6412428148065 4
1694345994163 168.6076007070845 5
1694345994315 168.5739659980158 6
1694345994474 168.54033868590557 7
1694345994680 168.50671876905938 8
1694345994830 168.47310624578307 9
1694345995128 168.43950111438306 10
1694345995392 168.40590337316604 11
1694345995568 168.37231302043918 12
1694345995730 168.33873005450994 13
1694345996023 168.30515447368626 14
1694345996240 168.2715862762765 15
1694345996414 168.23802546058937 16
1694345996584 168.20447202493392 17
1694345996778 168.17092596761972 18
1694345996965 168.13738728695662 19
1694345997098 168.10385598125498 20
1694345997263 168.0703320488254 21
1694345997405 168.0368154879791 22
1694345997579 168.00330629702748 23
1694345997758 167.9698044742824 24
1694345997919 167.9363100180562 25
1694345998081 167.9028229266615 26
1694345998227 167.86934319841143 27
1694345998395 167.8358708316194 28
1694345998697 167.8024058245993 29
