1694342739914 166.60104258450406 0
1694342740121 166.49021204125702 1
1694342740237 166.37967486487503 2
1694342740360 166.26941465661758 3
1694342740487 166.15941679308332 4
1694342740616 166.04966823135425 5
1694342740757 165.94015733553118 6
1694342740891 165.8308737223124 7
1694342741152 165.7218081235239 8
1694342741328 165.61295226374176 9
1694342741482 165.50429875134856 10
1694342741607 165.39584098154955 11
1694342741726 165.28757305003606 12
1694342741847 165.1794896761262 13
1694342742133 165.07158613434393 14
1694342742343 164.9638581935084 15
1694342742532 164.8563020625108 16
1694342742707 164.74891434204307 17
1694342742883 164.6416919816265 18
1694342743116 164.5346322413568 19
1694342743307 164.4277326578496 20
1694342743492 164.3209910139235 21
1694342743658 164.2144053116122 22
1694342743783 164.10797374813856 23
1694342743924 164.00169469452635 24
1694342744071 163.89556667655998 25
1694342744251 163.78958835783462 26
1694342744383 163.68375852466656 27
1694342744501 163.5780760726604 28
1694342744632 163.47253999475066 29
