1694345370337 169.44681033560497 0
1694345370468 169.41300134941164 1
1694345370615 169.39610150293979 2
1694345370761 169.37920250072528 3
1694345370933 169.36230518765888 4
1694345371110 169.34540956352959 5
1694345371350 169.32851562816845 6
1694345371529 169.31162338140672 7
1694345371858 169.29473282307555 8
1694345372103 169.2778439530061 9
1694345372358 169.2609567710296 10
1694345372520 169.24407127697734 11
1694345372669 169.22718747068055 12
1694345372840 169.21030535197045 13
1694345373014 169.19342492067835 14
1694345373225 169.1765461766356 15
1694345373396 169.15966911967345 16
1694345373554 169.14279374962325 17
1694345373726 169.1259200663163 18
1694345373897 169.10904806958408 19
1694345374132 169.09217775925794 20
1694345374471 169.0753091351692 21
1694345374707 169.0584421971494 22
1694345374934 169.0415769450299 23
1694345375131 169.02471337864213 24
1694345375314 169.00785149781765 25
1694345375487 168.99099130238787 26
1694345375647 168.97413279218435 27
1694345375791 168.95727596703856 28
1694345375985 168.94042082678203 29
