1694343213325 170.52476736163027 0
1694343213492 187.12677488286735 1
1694343213640 1217.9811462139 2
1694343213794 39000.739226371676 3
1694343214076 1421240.6989826458 4
1694343214329 51973255.214477226 5
1694343214600 1900816092.1033332 6
1694343214828 69518579893.50398 7
1694343214998 2542504669392.502 8
1694343215139 92987082810768.48 9
1694343215263 3400818760079483.5 10
1694343215392 1.2437822424868915e+17 11
1694343215556 4.5488877116750403e+18 12
1694343215731 1.6636657693425805e+20 13
1694343215849 6.084528718918862e+21 14
1694343216010 2.225296114974929e+23 15
1694343216166 8.138580698822654e+24 16
1694343216292 2.9765250271869943e+26 17
1694343216456 1.0886051960819381e+28 18
1694343216748 3.9813583360209725e+29 19
1694343216991 1.4561031177193229e+31 20
1694343217199 5.3254093464767756e+32 21
1694343217367 1.9476632089052987e+34 22
1694343217575 7.123193220504162e+35 23
1694343217821 2.605167126669457e+37 24
1694343218052 9.527883840554938e+38 25
1694343218233 3.484635190954721e+40 26
1694343218383 1.2744364454104035e+42 27
1694343218524 4.660999399897891e+43 28
1694343218683 1.7046684033625943e+45 29
