1694344049311 169.08902758239503 0
1694344049455 168.75180288377763 1
1694344049578 168.586373481002 2
1694344049690 168.41962980414175 3
1694344049810 168.2531027594013 4
1694344049969 168.0867143006654 5
1694344050103 167.92050710774598 6
1694344050234 167.75444953762772 7
1694344050367 167.58854994390703 8
1694344050639 167.42284471047137 9
1694344050884 167.25728222128012 10
1694344051056 167.09190040132899 11
1694344051220 166.92665478250538 12
1694344051374 166.7615974188289 13
1694344051539 166.5967088584777 14
1694344051675 166.4319682448709 15
1694344051804 166.2674076907093 16
1694344051958 166.1029823643206 17
1694344052117 165.93874445642447 18
1694344052250 165.77467470737668 19
1694344052364 165.6107628303659 20
1694344052519 165.44700305172773 21
1694344052666 165.28339938389144 22
1694344052802 165.11998791251528 23
1694344052931 164.95671635854754 24
1694344053065 164.79362382874712 25
1694344053341 164.63067696110411 26
1694344053574 164.46788551341186 27
1694344053735 164.30528550393413 28
1694344053889 164.1428244210598 29
