1694341211434 0.2772257956381537 0
1694341211561 0.27690625770623434 1
1694341211665 0.2766381061296939 2
1694341211776 0.2764129398668528 3
1694341211904 0.27622374967618096 4
1694341212012 0.2760646849265802 5
1694341212133 0.2759308598783412 6
1694341212236 0.2758181926874434 7
1694341212352 0.2757232715510346 8
1694341212458 0.2756432433737011 9
1694341212573 0.27557572112843237 10
1694341212693 0.2755187067425151 11
1694341212811 0.27547052688119156 12
1694341212935 0.27542977945071345 13
1694341213054 0.2753952890138056 14
1694341213162 0.2753660696180103 15
1694341213395 0.27534129379204153 16
1694341213569 0.2753202666762789 17
1694341213730 0.2753024044284444 18
1694341213881 0.27528721619055313 19
1694341214014 0.2752742890235714 20
1694341214275 0.27526327531606914 21
1694341214431 0.2752538822560891 22
1694341214605 0.27524586302430487 23
1694341214744 0.2752390094237669 24
1694341214866 0.2752331457090901 25
1694341214997 0.2752281234174784 26
1694341215109 0.27522381703687104 27
1694341215221 0.2752201203738618 28
1694341215325 0.2752169435068164 29
