1694338933640 169.45141641505006 0
1694338933715 137.32974783468137 1
1694338933782 125.42618113914006 2
1694338933863 113.78651634877436 3
1694338933929 103.26804411531793 4
1694338934007 93.7226543573689 5
1694338934103 85.06232214204496 6
1694338934184 77.20486890107725 7
1694338934251 70.0758534955117 8
1694338934323 63.60773275315795 9
1694338934416 57.739227706146586 10
1694338934513 52.41474223391079 11
1694338934618 47.583835963910516 12
1694338934726 43.20074605849802 13
1694338934830 39.22395336808814 14
1694338934973 35.615788832690896 15
1694338935155 32.34207639701118 16
1694338935302 29.37180905095432 17
1694338935432 26.6768549218689 18
1694338935542 24.2316906301456 19
1694338935633 22.013159378589254 20
1694338935706 20.000251480750812 21
1694338935787 18.173905246379448 22
1694338935878 16.516826335355738 23
1694338935969 15.013323866732277 24
1694338936070 13.649161728503922 25
1694338936166 12.411423677965963 26
1694338936277 11.288390953367012 27
1694338936390 10.269431236266065 28
1694338936501 9.344897911689097 29
