1694345258985 159.34894128742405 0
1694345259166 159.18973792553257 1
1694345259342 159.03078350618614 2
1694345259513 158.8719881088805 3
1694345259710 158.71335164074017 4
1694345259948 158.5548739425624 5
1694345260226 158.39655485534968 6
1694345260487 158.23839422026373 7
1694345260721 158.08039187862542 8
1694345260989 157.92254767191469 9
1694345261213 157.76486144177022 10
1694345261444 157.60733302998955 11
1694345261612 157.4499622785286 12
1694345261775 157.2927490295018 13
1694345261933 157.13569312518175 14
1694345262076 156.97879440799912 15
1694345262236 156.8220527205424 16
1694345262390 156.66546790555793 17
1694345262546 156.50903980594967 18
1694345262698 156.3527682647789 19
1694345262844 156.19665312526416 20
1694345263026 156.0406942307812 21
1694345263196 155.8848914248627 22
1694345263352 155.72924455119815 23
1694345263493 155.57375345363354 24
1694345263823 155.41841797617158 25
1694345264127 155.26323796297103 26
1694345264348 155.1082132583471 27
1694345264514 154.95334370677085 28
1694345264667 154.7986291528692 29
