1694342912822 140.57508290854454 0
1694342913019 140.09084493638716 1
1694342913187 139.67218915043753 2
1694342913358 139.25677125111145 3
1694342913611 138.84700817056634 4
1694342913835 138.44247456205 5
1694342913975 138.0428994050553 6
1694342914094 137.64802804975307 7
1694342914235 137.25762650180496 8
1694342914377 136.87147942399335 9
1694342914493 136.48938857563172 10
1694342914607 136.11117137196567 11
1694342914718 135.73665956612857 12
1694342914832 135.3656980426914 13
1694342914948 134.99814371337655 14
1694342915069 134.63386450627877 15
1694342915183 134.27273844067042 16
1694342915325 133.91465278013933 17
1694342915479 133.55950325742253 18
1694342915617 133.20719336486118 19
1694342915740 132.85763370491685 20
1694342915884 132.5107413956601 21
1694342916173 132.1664395265742 22
1694342916358 131.82465666041074 23
1694342916528 131.48532637719538 24
1694342916722 131.148386856813 25
1694342916902 130.8137804969032 26
1694342917148 130.4814535630751 27
1694342917369 130.15135586870272 28
1694342917506 129.82344048179587 29
