1694343244886 170.51367932819562 0
1694343245055 168.54543579326034 1
1694343245199 168.05919368299308 2
1694343245331 167.38161798370052 3
1694343245492 166.81344193802312 4
1694343245639 166.23725258502975 5
1694343245788 165.681661131774 6
1694343246092 165.1320634662839 7
1694343246397 164.59012532608796 8
1694343246631 164.05346458243014 9
1694343246806 163.52174717757163 10
1694343246959 162.99440506230877 11
1694343247108 162.47120337831345 12
1694343247264 161.95195175789868 13
1694343247396 161.4365364362013 14
1694343247536 160.92487302862276 15
1694343247664 160.41690003503882 16
1694343247817 159.91256795092355 17
1694343247971 159.411835077893 18
1694343248116 158.9146642872878 19
1694343248258 158.42102133687877 20
1694343248415 157.9308737900892 21
1694343248702 157.44419039799635 22
1694343248912 156.96094072252146 23
1694343249121 156.48109491411776 24
1694343249302 156.0046235777355 25
1694343249487 155.53149769246122 26
1694343249771 155.06168856270122 27
1694343249970 154.59516778825477 28
1694343250156 154.13190724558822 29
