1694343928342 167.6974557599443 0
1694343928574 167.66419407013032 1
1694343928758 167.63093901661443 2
1694343928939 167.5976905980692 3
1694343929235 167.56444881316747 4
1694343929457 167.5312136605824 5
1694343929611 167.4979851389874 6
1694343929763 167.46476324705614 7
1694343929913 167.43154798346254 8
1694343930126 167.3983393468808 9
1694343930282 167.36513733598537 10
1694343930435 167.33194194945096 11
1694343930604 167.29875318595256 12
1694343930799 167.2655710441655 13
1694343930974 167.23239552276527 14
1694343931131 167.19922662042757 15
1694343931305 167.1660643358286 16
1694343931622 167.13290866764459 17
1694343931856 167.09975961455208 18
1694343932020 167.0666171752281 19
1694343932208 167.0334813483495 20
1694343932488 167.0003521325939 21
1694343932918 166.96722952663876 22
1694343933135 166.93411352916218 23
1694343933293 166.9010041388422 24
1694343933461 166.86790135435726 25
1694343933691 166.83480517438613 26
1694343933892 166.80171559760774 27
1694343934047 166.76863262270135 28
1694343934208 166.7355562483464 29
