1694341229663 0.5956037614729315 0
1694341229902 0.5344308813071856 1
1694341230064 0.48485770684226936 2
1694341230268 0.4446824957190011 3
1694341230399 0.4121216598423156 4
1694341230501 0.38573032278578623 5
1694341230606 0.36433797306757104 6
1694341230728 0.34699634438329735 7
1694341230931 0.3329371991536802 8
1694341231054 0.32153813337483034 9
1694341231170 0.31229487844802095 10
1694341231291 0.3047988653687927 11
1694341231402 0.2987190512954288 12
1694341231524 0.29378719856024277 13
1694341231639 0.28978595011046127 14
1694341231763 0.286539170034298 15
1694341231885 0.2839041188024298 16
1694341231995 0.2817651146391061 17
1694341232114 0.28002839867798474 18
1694341232235 0.27861797520970755 19
1694341232365 0.27747224178388175 20
1694341232605 0.27654125912541155 21
1694341232775 0.27578453933358976 22
1694341232955 0.275169253923258 23
1694341233120 0.27466878197027217 24
1694341233267 0.27426153377242873 25
1694341233529 0.2739299977073086 26
1694341233772 0.2736599679072587 27
1694341233933 0.27343991842203974 28
1694341234073 0.27326049606037967 29
