1694346266639 169.089027582395 0
1694346266823 169.05528993595615 1
1694346267058 169.03842642420392 2
1694346267288 169.02156375470474 3
1694346267499 169.00470293928848 4
1694346267711 168.98784397768216 5
1694346268237 168.97098686967342 6
1694346268474 168.95413161505007 7
1694346268700 168.93727821359982 8
1694346268922 168.9204266651105 9
1694346269131 168.90357696936996 10
1694346269309 168.88672912616596 11
1694346269463 168.86988313528644 12
1694346269614 168.85303899651922 13
1694346269799 168.83619670965228 14
1694346269957 168.81935627447345 15
1694346270139 168.80251769077086 16
1694346270502 168.7856809583324 17
1694346270863 168.76884607694603 18
1694346271068 168.75201304639992 19
1694346271401 168.73518186648207 20
1694346271717 168.71835253698055 21
1694346271881 168.70152505768348 22
1694346272040 168.68469942837902 23
1694346272202 168.66787564885533 24
1694346272428 168.65105371890058 25
1694346272583 168.63423363830302 26
1694346272725 168.61741540685085 27
1694346272889 168.60059902433235 28
1694346273061 168.5837844905358 29
