1694340973653 0.7623584543492824 0
1694340973748 0.6901943359841579 1
1694340973855 0.6305981829887126 2
1694340973963 0.5812942534928426 3
1694340974080 0.5404281033516926 4
1694340974177 0.5064876396011943 5
1694340974316 0.4782390649150994 6
1694340974504 0.4546748944479433 7
1694340974671 0.43497176096006773 8
1694340974894 0.418456157169183 9
1694340975045 0.4045766151284659 10
1694340975155 0.3928811067031562 11
1694340975372 0.38299867955017985 12
1694340975545 0.3746245296406009 13
1694340975676 0.367507862599288 14
1694340975786 0.36144201869078757 15
1694340975903 0.35625643559919895 16
1694340975987 0.35181010364306314 17
1694340976084 0.3479862333065198 18
1694340976191 0.34468790784955256 19
1694340976289 0.34183453662756125 20
1694340976375 0.33935895950337414 21
1694340976464 0.33720508091190654 22
1694340976562 0.3353259349858164 23
1694340976652 0.333682101679753 24
1694340976750 0.3322404088596072 25
1694340976838 0.3309728675146309 26
1694340976916 0.32985579714174984 27
1694340977020 0.32886910637821737 28
1694340977136 0.32799570047378857 29
