1694342440324 141.16273717757252 0
1694342440598 140.39734189650244 1
1694342440829 139.6413735563803 2
1694342441002 138.89468578756475 3
1694342441124 138.15713575577576 4
1694342441274 137.42858316606305 5
1694342441621 136.70889004327367 6
1694342441837 135.99792066006802 7
1694342441964 135.29554149338068 8
1694342442055 134.6016211867655 9
1694342442170 133.9160305143449 10
1694342442267 133.23864234554406 11
1694342442368 132.56933161044762 12
1694342442470 131.90797526573962 13
1694342442568 131.25445226121184 14
1694342442668 130.6086435068299 15
1694342442770 129.97043184034777 16
1694342442884 129.33970199546113 17
1694342442984 128.71634057049116 18
1694342443118 128.1002359975893 19
1694342443249 127.49127851245464 20
1694342443377 126.8893601245555 21
1694342443472 126.29437458784624 22
1694342443565 125.70621737197159 23
1694342443658 125.12478563395008 24
1694342443784 124.54997819032876 25
1694342443939 123.98169548980098 26
1694342444145 123.41983958628 27
1694342444357 122.86431411242042 28
1694342444527 122.31502425358002 29
