1694343502110 150.37686472324785 0
1694343502258 150.07913442505898 1
1694343502393 149.78203584816765 2
1694343502543 149.4855292739238 3
1694343502672 149.18961351967752 4
1694343502791 148.89428740514523 5
1694343502942 148.599549752405 6
1694343503058 148.30539938589192 7
1694343503179 148.011835132393 8
1694343503318 147.71885582104298 9
1694343503689 147.4264602833192 10
1694343503867 147.13464735303702 11
1694343504104 146.8434158663453 12
1694343504291 146.55276466172165 13
1694343504473 146.26269257996762 14
1694343504778 145.97319846420407 15
1694343504995 145.68428115986677 16
1694343505155 145.3959395147015 17
1694343505304 145.10817237875958 18
1694343505427 144.8209786043931 19
1694343505561 144.53435704625045 20
1694343505683 144.2483065612717 21
1694343505834 143.96282600868392 22
1694343505982 143.6779142499967 23
1694343506125 143.39357014899747 24
1694343506264 143.10979257174705 25
1694343506443 142.82658038657505 26
1694343506607 142.5438966584338 27
1694343506761 142.2618121000776 28
1694343506910 141.98028955154058 29
