1694342878342 2.1672690030474348e+46 0
1694342878571 5.83037267924762e+47 1
1694342878754 1.5723184060955731e+49 2
1694342878920 4.239098728521227e+50 3
1694342879067 1.1429262488683815e+52 4
1694342879234 3.081496388020148e+53 5
1694342879454 8.308167558554124e+54 6
1694342879592 2.24000412015336e+56 7
1694342879706 6.0393804519915176e+57 8
1694342879851 1.6283057653066808e+59 9
1694342879999 4.390151749010271e+60 10
1694342880125 1.1836494588371402e+62 11
1694342880241 3.191292970047908e+63 12
1694342880371 8.60419505508185e+64 13
1694342880514 2.3198174921803857e+66 14
1694342880645 6.254569035888647e+67 15
1694342880823 1.686323771441549e+69 16
1694342880995 4.5465768237776414e+70 17
1694342881309 1.2258239588736317e+72 18
1694342881542 3.305001622957539e+73 19
1694342881783 8.910770301625347e+74 20
1694342881961 2.402474686147775e+76 21
1694342882156 6.47742498370547e+77 22
1694342882404 1.7464090115682917e+79 23
1694342882622 4.70857546534206e+80 24
1694342882857 1.2695011744649516e+82 25
1694342883117 3.4227618179436407e+83 26
1694342883273 9.228269101295137e+84 27
1694342883435 2.4880770306442976e+86 28
1694342883580 6.708221490366886e+87 29
