1694346244654 164.2825467617341 0
1694346244856 164.11903443577268 1
1694346245027 163.95591710752294 2
1694346245200 163.79297863286874 3
1694346245398 163.6302189492535 4
1694346245545 163.46763785212602 5
1694346245697 163.30523513726533 6
1694346246168 163.14301060068954 7
1694346246461 162.98096403865537 8
1694346246616 162.81909524765788 9
1694346246784 162.65740402443035 10
1694346247000 162.49589016594388 11
1694346247180 162.3345534694071 12
1694346247367 162.17339373226585 13
1694346247530 162.01241075220312 14
1694346247708 161.8516043271385 15
1694346247873 161.690974255228 16
1694346248028 161.53052033486387 17
1694346248202 161.37024236467408 18
1694346248354 161.21014014352238 19
1694346248496 161.05021347050774 20
1694346248684 160.8904621449641 21
1694346248838 160.73088596646022 22
1694346249014 160.57148473479944 23
1694346249172 160.4122582500191 24
1694346249334 160.2532063123906 25
1694346249728 160.09432872241894 26
1694346249952 159.93562528084252 27
1694346250155 159.77709578863278 28
1694346250321 159.618740046994 29
