1694339097260 1.3224886623529102e+108 0
1694339097374 4.145708997789383e+111 1
1694339097647 1.2996155749365336e+115 2
1694339097816 4.074092809152742e+118 3
1694339097964 1.277164768267491e+122 4
1694339098109 4.003713026895474e+125 5
1694339098243 1.2551018004888641e+129 6
1694339098375 3.934549052362731e+132 7
1694339098596 1.233419969552968e+136 8
1694339098746 3.866579882587741e+139 9
1694339098910 1.2121126913366588e+143 10
1694339099045 3.7997848773684387e+146 11
1694339099170 1.191173495457418e+150 12
1694339099283 3.734143753061386e+153 13
1694339099396 1.1705960233083272e+157 14
1694339099503 3.6696365764222525e+160 15
1694339099613 1.1503740261271259e+164 16
1694339099710 3.606243758552662e+167 17
1694339099807 1.1305013630986576e+171 18
1694339099899 3.5439460489516403e+174 19
1694339099982 1.1109719994900962e+178 20
1694339100079 3.482724529669793e+181 21
1694339100177 1.0917800048183629e+185 22
1694339100275 3.4225606095644846e+188 23
1694339100353 1.0729195510492322e+192 24
1694339100450 3.363436018654374e+195 25
1694339100543 1.054384910827532e+199 26
1694339100637 3.305332802571209e+202 27
1694339100727 1.0361704557378952e+206 28
1694339100818 3.24823331710771e+209 29
