1694343219010 5.409460301860605e+46 0
1694343219165 1.455249418004632e+48 1
1694343219312 3.924475451685572e+49 2
1694343219458 1.0580706066187127e+51 3
1694343219607 2.852721172366931e+52 4
1694343219760 7.691353661166635e+53 5
1694343219891 2.0737020889428214e+55 6
1694343220026 5.591005706691487e+56 7
1694343220173 1.5074173421455102e+58 8
1694343220388 4.064218786099847e+59 9
1694343220704 1.0957731399296524e+61 10
1694343220935 2.954365494036533e+62 11
1694343221087 7.965403744900554e+63 12
1694343221270 2.1475899629664686e+65 13
1694343221534 5.790218294944581e+66 14
1694343221757 1.5611279844500907e+68 15
1694343221896 4.209030574824878e+69 16
1694343222030 1.1348165272978e+71 17
1694343222179 3.059632206833784e+72 18
1694343222326 8.249218279703428e+73 19
1694343222466 2.224110534403535e+75 20
1694343222603 5.996529006167367e+76 21
1694343222733 1.616752385530601e+78 22
1694343222888 4.35900213845465e+79 23
1694343223054 1.1752510658468199e+81 24
1694343223203 3.168649667751128e+82 25
1694343223348 8.543145382901536e+83 26
1694343223485 2.3033576029625045e+85 27
1694343223631 6.210190754500854e+86 28
1694343223772 1.6743587342966196e+88 29
