1694344411649 159.74973978369906 0
1694344411817 159.59151039714538 1
1694344411956 159.4335284369975 2
1694344412107 159.27570378959896 3
1694344412247 159.1180363646501 4
1694344412388 158.96052600508986 5
1694344412565 158.80317255406013 6
1694344412958 158.64597585485959 7
1694344413201 158.48893575094388 8
1694344413488 158.33205208592494 9
1694344413809 158.1753247035714 10
1694344413970 158.01875344780785 11
1694344414142 157.86233816271533 12
1694344414278 157.7060786925306 13
1694344414424 157.54997488164636 14
1694344414585 157.3940265746109 15
1694344414762 157.23823361612799 16
1694344414960 157.08259585105674 17
1694344415110 156.92711312441148 18
1694344415280 156.7717852813614 19
1694344415436 156.61661216723087 20
1694344415654 156.46159362749864 21
1694344415832 156.30672950779825 22
1694344415987 156.1520196539175 23
1694344416135 155.9974639117986 24
1694344416499 155.8430621275376 25
1694344416852 155.6888141473848 26
1694344417211 155.53471981774402 27
1694344417514 155.38077898517284 28
1694344417709 155.22699149638228 29
