1694338555473 1.624503168125301e+212 0
1694338555552 1.1946928238917958e+214 1
1694338555685 8.836940633438676e+215 2
1694338555778 6.5342494027760575e+217 3
1694338555885 4.831687066713082e+219 4
1694338555962 3.572739229265628e+221 5
1694338556044 2.6418239540277515e+223 6
1694338556115 1.953468563373041e+225 7
1694338556178 1.4444715074327186e+227 8
1694338556241 1.0680990597275417e+229 9
1694338556309 7.897944649803362e+230 10
1694338556369 5.840050988085763e+232 11
1694338556442 4.31836345476172e+234 12
1694338556601 3.1931678277237226e+236 13
1694338556681 2.3611539146309304e+238 14
1694338556763 1.745930094927461e+240 15
1694338556838 1.2910093990420285e+242 16
1694338556913 9.546231394127582e+243 17
1694338556989 7.058859052292576e+245 18
1694338557077 5.2195980867156345e+247 19
1694338557148 3.8595761701740106e+249 20
1694338557208 2.8539224602920315e+251 21
1694338557266 2.110302543657831e+253 22
1694338557315 1.560440722455019e+255 23
1694338557373 1.15385125967547e+257 24
1694338557431 8.532030152097293e+258 25
1694338557491 6.308918754118416e+260 26
1694338557553 4.665062726751243e+262 27
1694338557620 3.449530908971887e+264 28
1694338557688 2.5507188625176472e+266 29
