1694344720154 169.08902758239503 0
1694344720299 169.05528993595615 1
1694344720447 169.02155903398832 2
1694344720635 168.98783487514297 3
1694344720806 168.95411745807175 4
1694344720983 168.9204067814267 5
1694344721164 168.88670284385998 6
1694344721377 168.8530056440242 7
1694344721668 168.8193151805721 8
1694344721916 168.7856314521567 9
1694344722128 168.75195445743142 10
1694344722331 168.7182841950498 11
1694344722490 168.6846206636657 12
1694344722636 168.65096386193323 13
1694344722783 168.61731378850683 14
1694344722955 168.58367044204115 15
1694344723152 168.55003382119114 16
1694344723318 168.516403924612 17
1694344723474 168.48278075095925 18
1694344723624 168.44916429888855 19
1694344723806 168.415554567056 20
1694344724132 168.38195155411785 21
1694344724388 168.34835525873063 22
1694344724629 168.31476567955121 23
1694344724836 168.28118281523663 24
1694344725200 168.24760666444428 25
1694344725432 168.2140372258318 26
1694344725659 168.18047449805704 27
1694344725947 168.1469184797782 28
1694344726189 168.1133691696537 29
