1694338778311 169.089027582395 0
1694338778398 1647.055502671122 1
1694338778470 6470061.006899064 2
1694338778553 26998198029.95756 3
1694338778647 112659614932306.34 4
1694338778725 4.7011244104867706e+17 5
1694338778816 1.9617118998201067e+21 6
1694338778894 8.185942855095767e+24 7
1694338778959 3.4158767366930293e+28 8
1694338779025 1.4253964493555085e+32 9
1694338779138 5.9479752767726265e+35 10
1694338779244 2.4820049123242012e+39 11
1694338779340 1.0357051094106191e+43 12
1694338779450 4.321849116143678e+46 13
1694338779563 1.8034457504357666e+50 14
1694338779738 7.525520876274626e+53 15
1694338779894 3.1402921016925887e+57 16
1694338780029 1.3103989273410408e+61 17
1694338780143 5.468107084213688e+64 18
1694338780208 2.2817627869323e+68 19
1694338780284 9.521469378059436e+71 20
1694338780374 3.973172830958837e+75 21
1694338780455 1.6579481294185295e+79 22
1694338780552 6.918380137969102e+82 23
1694338780646 2.8869409654107825e+86 24
1694338780712 1.204679125974354e+90 25
1694338780789 5.026953491415912e+93 26
1694338780889 2.0976757096558707e+97 27
1694338780976 8.753300364513333e+100 28
1694338781053 3.6526269012267243e+104 29
