1694345972482 150.63987196327645 0
1694345972672 150.3426351187752 1
1694345972941 150.04604915063922 2
1694345973125 149.7501125706397 3
1694345973277 149.45482389403477 4
1694345973486 149.16018163956096 5
1694345973622 148.86618432942498 6
1694345973743 148.57283048929543 7
1694345973883 148.28011864829477 8
1694345974045 147.9880473389909 9
1694345974247 147.69661509738916 10
1694345974393 147.40582046292408 11
1694345974524 147.1156619784511 12
1694345974661 146.82613819023882 13
1694345974819 146.5372476479605 14
1694345975004 146.24898890468623 15
1694345975138 145.9613605168748 16
1694345975263 145.67436104436567 17
1694345975419 145.38798905037078 18
1694345975686 145.10224310146688 19
1694345975906 144.8171217675873 20
1694345976078 144.53262362201392 21
1694345976234 144.24874724136941 22
1694345976469 143.9654912056093 23
1694345976726 143.68285409801402 24
1694345976931 143.40083450518077 25
1694345977090 143.11943101701604 26
1694345977232 142.83864222672764 27
1694345977379 142.5584667308166 28
1694345977511 142.27890312906985 29
