1694338649047 169.089027582395 0
1694338649106 137.0359812026933 1
1694338649164 125.15781885934173 2
1694338649226 113.54300086378997 3
1694338649288 103.04697803715948 4
1694338649352 93.52195948924737 5
1694338649411 84.88010917748171 6
1694338649472 77.03942483449168 7
1694338649532 69.92562486555367 8
1694338649585 63.47131073321346 9
1694338649634 57.615334580918514 10
1694338649690 52.302219146100114 11
1694338649738 47.48163181052717 12
1694338649786 43.107907428539704 13
1694338649848 39.139615423528035 14
1694338649909 35.539167043992144 15
1694338649968 32.27245905277813 16
1694338650034 29.308550468925887 17
1694338650105 26.619369295333172 18
1694338650177 24.179446450076778 19
1694338650262 21.965674377439566 20
1694338650340 19.95708804892817 21
1694338650423 18.134666277056596 22
1694338650536 16.481151457434805 23
1694338650672 14.98088602957184 24
1694338650796 13.619664105440384 25
1694338650901 12.384596858762873 26
1694338650999 11.26399039853413 27
1694338651117 10.247234968733476 28
1694338651192 9.32470442362485 29
