1694345501203 169.4584377094351 0
1694345501399 166.09403898366793 1
1694345501562 164.45780887522676 2
1694345501719 162.82936286914534 3
1694345501923 161.217115336891 4
1694345502142 159.62086308363192 5
1694345502636 158.04044759479876 6
1694345502952 156.4757117158558 7
1694345503186 154.92649985319647 8
1694345503335 153.39265795757336 9
1694345503501 151.87403350877045 10
1694345503699 150.3704755004226 11
1694345503864 148.88183442498547 12
1694345504051 147.4079622588548 13
1694345504203 145.94871244763362 14
1694345504365 144.50393989154549 15
1694345504539 143.07350093099296 16
1694345504692 141.65725333225924 17
1694345505040 140.25505627335173 18
1694345505291 138.86677032998668 19
1694345505529 137.4922574617123 20
1694345505727 136.13138099817047 21
1694345506060 134.78400562549405 22
1694345506338 133.4499973728402 23
1694345506558 132.1292235990566 24
1694345506725 130.8215529794806 25
1694345506877 129.5268554928694 26
1694345507044 128.24500240845975 27
1694345507231 126.9758662731566 28
1694345507414 125.71932089884851 29
