1694337733827 0.903675280409603 0
1694337733887 0.8570221452501816 1
1694337733939 0.8141928289130662 2
1694337733997 0.7750425566287918 3
1694337734054 0.7392334335444897 4
1694337734112 0.7064694329103014 5
1694337734167 0.6764807611830016 6
1694337734222 0.6490221137225455 7
1694337734264 0.6238703897058938 8
1694337734309 0.6008226580308573 9
1694337734360 0.5796943088353563 10
1694337734529 0.5603173757930945 11
1694337734630 0.542539013220461 12
1694337734728 0.5262201136539435 13
1694337734808 0.5112340528821634 14
1694337734894 0.49746555062649006 15
1694337734958 0.4848096361608669 16
1694337735025 0.47317070915615667 17
1694337735092 0.46246168693633766 18
1694337735152 0.4526032301520343 19
1694337735211 0.4435230396188754 20
1694337735300 0.43515521774114924 21
1694337735426 0.4274396885516514 22
1694337735511 0.4203216709522359 23
1694337735608 0.4137512002417937 24
1694337735689 0.407682693473858 25
1694337735764 0.40207455459920205 26
1694337735814 0.39688881572359386 27
1694337735866 0.39209081115083644 28
1694337735924 0.38764888118958596 29
