1694341298815 169.45174795451106 0
1694341298923 137.3299943818168 1
1694341299036 111.30895593882212 2
1694341299152 90.22973266345598 3
1694341299272 73.1536166602067 4
1694341299386 59.32024529047599 5
1694341299513 48.11370954566901 6
1694341299647 39.03510475270327 7
1694341299797 31.68029859507568 8
1694341299933 25.72192447105311 9
1694341300083 20.894796893175542 10
1694341300448 16.98409840854982 11
1694341300630 13.815811225194276 12
1694341300783 11.24896690057456 13
1694341300899 9.16936856448251 14
1694341301005 7.484505836159649 15
1694341301113 6.119435790961035 16
1694341301233 5.013446411760334 17
1694341301347 4.117353849078707 18
1694341301459 3.391313069649839 19
1694341301575 2.8030443573649677 20
1694341301708 2.326396664774106 21
1694341301819 1.940183824707827 22
1694341301943 1.6272417899316656 23
1694341302051 1.373664916456151 24
1694341302162 1.1681872824465167 25
1694341302286 1.001681495325484 26
1694341302400 0.8667526727207648 27
1694341302516 0.757409521685319 28
1694341302628 0.6687978740677135 29
