1694337751189 169.08902758239503 0
1694337751245 137.0359812026933 1
1694337751300 125.15781885934175 2
1694337751350 113.54300086378997 3
1694337751415 103.04697803715952 4
1694337751459 93.52195948924737 5
1694337751509 84.88010917748171 6
1694337751554 77.03942483449168 7
1694337751613 69.92562486555367 8
1694337751671 63.471310733213464 9
1694337751724 57.61533458091853 10
1694337751783 52.30221914610013 11
1694337751836 47.48163181052719 12
1694337751885 43.10790742853972 13
1694337751939 39.139615423528035 14
1694337751996 35.539167043992144 15
1694337752056 32.27245905277813 16
1694337752116 29.308550468925876 17
1694337752172 26.619369295333154 18
1694337752237 24.179446450076764 19
1694337752304 21.965674377439562 20
1694337752362 19.95708804892817 21
1694337752414 18.134666277056592 22
1694337752546 16.481151457434805 23
1694337752664 14.98088602957184 24
1694337752750 13.619664105440384 25
1694337752826 12.384596858762873 26
1694337752905 11.263990398534133 27
1694337752976 10.247234968733476 28
1694337753055 9.32470442362485 29
