1694345828459 169.08902758239503 0
1694345828603 169.05528993595618 1
1694345828741 169.0215597086401 2
1694345828872 168.98783689874756 3
1694345829014 168.95412150457975 4
1694345829186 168.92041352443826 5
1694345829362 168.88671295662502 6
1694345829505 168.8530197994424 7
1694345829826 168.81933405119315 8
1694345830058 168.78565571018044 9
1694345830228 168.75198477470784 10
1694345830379 168.71832124307932 11
1694345830519 168.68466511359918 12
1694345830666 168.65101638457227 13
1694345830810 168.61737505430364 14
1694345831001 168.58374112109883 15
1694345831148 168.55011458326385 16
1694345831293 168.51649543910497 17
1694345831428 168.48288368692903 18
1694345831560 168.44927932504305 19
1694345831735 168.41568235175458 20
1694345831889 168.38209276537157 21
1694345832042 168.34851056420237 22
1694345832250 168.3149357465556 23
1694345832576 168.2813683107405 24
1694345832808 168.2478082550665 25
1694345833011 168.2142555778435 26
1694345833266 168.18071027738185 27
1694345833485 168.14717235199217 28
1694345833627 168.11364179998566 29
