1694338693590 169.08902758239503 0
1694338693646 137.0359812026933 1
1694338693692 125.73884667105403 2
1694338693729 114.5289878163666 3
1694338693778 104.49273255499443 4
1694338693830 95.44189945339822 5
1694338693882 87.27873407306157 6
1694338693931 79.91158724962304 7
1694338693970 73.25878325033652 8
1694338694016 67.24727058428648 9
1694338694073 61.811710832696654 10
1694338694116 56.893648693704485 11
1694338694160 52.4407731688417 12
1694338694207 48.406258806060144 13
1694338694269 44.74817833946444 14
1694338694326 41.42897893910406 15
1694338694386 38.41501514009193 16
1694338694448 35.67613227769877 17
1694338694510 33.185294929801096 18
1694338694572 30.91825546888555 19
1694338694635 28.853258360855946 20
1694338694691 26.970776324359875 21
1694338694746 25.253274888670123 22
1694338694826 23.68500226603837 23
1694338694882 22.251801790971527 24
1694338694946 20.94094447859798 25
1694338695110 19.740979521223412 26
1694338695210 18.641600779916626 27
1694338695296 17.63352753971134 28
1694338695383 16.708397985608737 29
