1694338744923 169.08902758239503 0
1694338745002 1647.0555026711213 1
1694338745072 6368726.376541843 2
1694338745131 26162510031.386627 3
1694338745192 107476031761079.06 4
1694338745246 4.415133493956731e+17 5
1694338745293 1.8137442786130243e+21 6
1694338745352 7.450892057293951e+24 7
1694338745420 3.060839011544624e+28 8
1694338745476 1.2573978233146058e+32 9
1694338745532 5.165411444747798e+35 10
1694338745595 2.121959724981619e+39 11
1694338745679 8.717046304263786e+42 12
1694338745772 3.580977309611151e+46 13
1694338745857 1.4710715125692944e+50 14
1694338745942 6.043186560508848e+53 15
1694338746025 2.482551221546705e+57 16
1694338746100 1.0198362247952976e+61 17
1694338746211 4.189504395227471e+64 18
1694338746404 1.7210554646804526e+68 19
1694338746537 7.07012484789535e+71 20
1694338746666 2.904419200348563e+75 21
1694338746767 1.1931403013151203e+79 22
1694338746865 4.901440461664389e+82 23
1694338746968 2.0135200003520612e+86 24
1694338747051 8.27157408832637e+89 25
1694338747126 3.397976572703993e+93 26
1694338747193 1.3958945015000597e+97 27
1694338747339 5.734358132338554e+100 28
1694338747442 2.3556839828927417e+104 29
