1694339290464 8.568178197681448 0
1694339290563 7.7954206050539065 1
1694339290662 7.098732924264395 2
1694339290862 6.466393451338657 3
1694339291017 5.892677461069498 4
1694339291171 5.372136642457482 5
1694339291312 4.899841034476619 6
1694339291488 4.471317253654294 7
1694339291619 4.082506835195673 8
1694339291831 3.7297277092358887 9
1694339291998 3.409639288016977 10
1694339292152 3.1192107901990505 11
1694339292277 2.8556925038979637 12
1694339292390 2.6165897156822635 13
1694339292503 2.399639058177669 14
1694339292596 2.2027870518755095 15
1694339292694 2.0241706375652577 16
1694339292777 1.8620995147021349 17
1694339292871 1.715040118158234 18
1694339292958 1.581601081352955 19
1694339293062 1.4605200478625953 20
1694339293157 1.3506517064045473 21
1694339293251 1.250956935699365 22
1694339293357 1.160492956244785 23
1694339293470 1.0784043955893305 24
1694339293572 1.0039151823601058 25
1694339293681 0.9363211921621645 26
1694339293788 0.8749835755999971 27
1694339293905 0.8193227051429289 28
1694339293999 0.768812683427017 29
