1694338533530 5.992607073382945e+211 0
1694338533589 3.9039015952931594e+213 1
1694338533643 2.5434122038347616e+215 2
1694338533697 1.6570476293044898e+217 3
1694338533758 1.0795760387805208e+219 4
1694338533828 7.033499840525459e+220 5
1694338533899 4.582365505502088e+222 6
1694338534063 2.985437421215192e+224 7
1694338534152 1.9450296108615314e+226 8
1694338534248 1.267197952381896e+228 9
1694338534314 8.255867373708476e+229 10
1694338534372 5.37874496752051e+231 11
1694338534430 3.5042832104788866e+233 12
1694338534495 2.2830606197908456e+235 13
1694338534564 1.487427094377868e+237 14
1694338534624 9.690672870929214e+238 15
1694338534681 6.313528982114007e+240 16
1694338534773 4.113300359933781e+242 17
1694338535021 2.6798387873030883e+244 18
1694338535108 1.7459303472916629e+246 19
1694338535289 1.1374836397012014e+248 20
1694338535384 7.410771183369263e+249 21
1694338535434 4.828159950211047e+251 22
1694338535491 3.145573912352766e+253 23
1694338535547 2.049359453727651e+255 24
1694338535602 1.3351694436712774e+257 25
1694338535654 8.698705539776798e+258 26
1694338535712 5.667256573793566e+260 27
1694338535765 3.6922501774937144e+262 28
1694338535820 2.4055221773869307e+264 29
