1694340914413 4.05277259801409e+212 0
1694340914585 2.980491780327069e+214 1
1694340914773 2.204619329293622e+216 2
1694340914969 1.6301492941205637e+218 3
1694340915145 1.2053980152437376e+220 4
1694340915274 8.913186463604964e+221 5
1694340915367 6.590760756728247e+223 6
1694340915461 4.873467790066855e+225 7
1694340915661 3.6036338117402133e+227 8
1694340915784 2.6646686114031065e+229 9
1694340915899 1.9703608023303165e+231 10
1694340916014 1.456962293452022e+233 11
1694340916129 1.0773352383129317e+235 12
1694340916269 7.966240587879714e+236 13
1694340916387 5.890551691538438e+238 14
1694340916508 4.355705661649075e+240 15
1694340916621 3.220780124580627e+242 16
1694340916731 2.3815715332257357e+244 17
1694340916843 1.7610276853685153e+246 18
1694340916964 1.302173151370323e+248 19
1694340917084 9.628780570788612e+249 20
1694340917197 7.119899161093209e+251 21
1694340917323 5.264733544549318e+253 22
1694340917512 3.892951103375893e+255 23
1694340917666 2.878601198908893e+257 24
1694340917816 2.1285509738804447e+259 25
1694340917965 1.5739343296753795e+261 26
1694340918103 1.1638289637078857e+263 27
1694340918398 8.605809221053882e+264 28
1694340918577 6.363473900256426e+266 29
