1694345855401 169.45605943846854 0
1694345855550 166.09097989488322 1
1694345855710 162.79947564271586 2
1694345855888 159.57987183969664 3
1694345856067 156.43053263815955 4
1694345856232 153.34986026612575 5
1694345856398 150.3362941301796 6
1694345856720 147.38830993961918 7
1694345857007 144.50441885137465 8
1694345857186 141.68316663520037 9
1694345857348 138.92313285865873 10
1694345857492 136.2229300914245 11
1694345857623 133.58120312844994 12
1694345857770 130.99662823154245 13
1694345857962 128.467912388916 14
1694345858152 125.99379259228976 15
1694345858332 123.57303513111559 16
1694345858485 121.20443490352743 17
1694345858630 118.88681474361522 18
1694345858775 116.61902476463423 19
1694345858963 114.39994171777174 20
1694345859265 112.22846836610039 21
1694345859487 110.10353287335768 22
1694345859653 108.02408820719862 23
1694345859808 105.98911155657763 24
1694345860148 103.9976037629238 25
1694345860378 102.0485887647814 26
1694345860571 100.14111305559587 27
1694345860707 98.27424515433233 28
1694345860918 96.44707508862206 29
