1694341234357 0.27722579563815375 0
1694341234474 0.27690625770623434 1
1694341234605 0.2766381061296939 2
1694341234726 0.2764129398668528 3
1694341234867 0.27622374967618096 4
1694341234979 0.2760646849265802 5
1694341235113 0.27593085987834115 6
1694341235230 0.27581819268744334 7
1694341235352 0.27572327155103465 8
1694341235500 0.27564324337370116 9
1694341235736 0.27557572112843237 10
1694341235884 0.2755187067425151 11
1694341236029 0.2754705268811915 12
1694341236297 0.27542977945071334 13
1694341236506 0.2753952890138056 14
1694341236695 0.2753660696180103 15
1694341236870 0.27534129379204153 16
1694341237048 0.27532026667627896 17
1694341237292 0.27530240442844434 18
1694341237525 0.27528721619055313 19
1694341237756 0.27527428902357143 20
1694341237899 0.2752632753160692 21
1694341238044 0.2752538822560891 22
1694341238206 0.2752458630243048 23
1694341238376 0.2752390094237669 24
1694341238660 0.27523314570909 25
1694341238826 0.2752281234174784 26
1694341238994 0.27522381703687104 27
1694341239164 0.2752201203738618 28
1694341239343 0.2752169435068164 29
