1694343955447 92.82308188669745 0
1694343955571 91.91375026492692 1
1694343955744 91.01371067843769 2
1694343955987 90.1223927062945 3
1694343956198 89.24014464165543 4
1694343956377 88.3665191901972 5
1694343956551 87.5013683648287 6
1694343956832 86.64501049550371 7
1694343957076 85.79702460990856 8
1694343957284 84.95741775322546 9
1694343957425 84.12595937656312 10
1694343957558 83.3029393969312 11
1694343957693 82.48796805045306 12
1694343957845 81.68091436717958 13
1694343957978 80.88204079173357 14
1694343958114 80.09098214316406 15
1694343958250 79.30761463646343 16
1694343958414 78.53217659995761 17
1694343958539 77.76432667591479 18
1694343958660 77.00394804580301 19
1694343958776 76.25125565266693 20
1694343958941 75.50582574030885 21
1694343959097 74.76792427888108 22
1694343959252 74.03724829339805 23
1694343959528 73.31369273827626 24
1694343959756 72.59743194434836 25
1694343959959 71.88818721941126 26
1694343960109 71.1858598953364 27
1694343960339 70.49060283947325 28
1694343960528 69.8020794668231 29
