1694342331011 9.57868076396382e+43 0
1694342331180 2.069836780433026e+45 1
1694342331312 4.4726670512050884e+46 2
1694342331530 9.664892847727256e+47 3
1694342331722 2.0884665171572094e+49 4
1694342331903 4.512923694106045e+50 5
1694342332070 9.75188259017901e+51 6
1694342332264 2.1072639490191294e+53 7
1694342332432 4.553542672168465e+54 8
1694342332561 9.839655291835024e+55 9
1694342332664 2.1262305688689184e+57 10
1694342332768 4.5945272450185053e+58 11
1694342332889 9.92821799963446e+59 12
1694342333008 2.14536789949688e+61 13
1694342333129 4.6358807032250125e+62 14
1694342333237 1.0017577824099113e+64 15
1694342333345 2.164677477400812e+65 16
1694342333453 4.677606366974011e+66 17
1694342333575 1.0107741939749665e+68 18
1694342333709 2.184160852907912e+69 19
1694342333874 4.7197075863351135e+70 20
1694342333986 1.0198717585681602e+72 21
1694342334277 2.2038195902991994e+73 22
1694342334496 4.7621877415306e+74 23
1694342334686 1.0290512066146668e+76 24
1694342334854 2.2236552679352056e+77 25
1694342335087 4.805050243206761e+78 26
1694342335306 1.038313275113926e+80 27
1694342335497 2.2436694783826357e+81 28
1694342335627 4.8482985327077294e+82 29
