1694337765266 6.10803488414448 0
1694337765309 5.965980996272811 1
1694337765355 5.842466028274742 2
1694337765395 5.734928315367754 3
1694337765453 5.64118969751093 4
1694337765500 5.559392309118274 5
1694337765549 5.487946837088552 6
1694337765591 5.425489993699457 7
1694337765634 5.370849419530317 8
1694337765680 5.32301459917622 9
1694337765733 5.281112661338828 10
1694337765787 5.2443881622114885 11
1694337765839 5.212186130359993 12
1694337765900 5.183937792993985 13
1694337765973 5.159148515770715 14
1694337766043 5.137387577418008 15
1694337766175 5.11827947145515 16
1694337766257 5.101496483991972 17
1694337766325 5.0867523420162986 18
1694337766374 5.073796763100471 19
1694337766425 5.062410766918533 20
1694337766470 5.052402632819416 21
1694337766592 5.043604407088832 22
1694337766671 5.0358688793515824 23
1694337766733 5.02906696052592 24
1694337766794 5.023085405402007 25
1694337766852 5.017824831722072 26
1694337766917 5.013197994942552 27
1694337766986 5.009128283940017 28
1694337767055 5.005548408007088 29
