1694346680532 169.4542207457575 0
1694346680690 169.42040300928957 1
1694346680844 169.40349946543407 2
1694346681074 169.3865967660185 3
1694346681283 169.36969592527998 4
1694346681482 169.35279694294485 5
1694346681838 169.33589981880016 6
1694346682220 169.3190045526332 7
1694346682452 169.3021111442312 8
1694346682638 169.28521959338138 9
1694346682794 169.268329899871 10
1694346682958 169.2514420634874 11
1694346683171 169.23455608401787 12
1694346683343 169.2176719612498 13
1694346683534 169.20078969497047 14
1694346683700 169.1839092849674 15
1694346683886 169.16703073102795 16
1694346684111 169.1501540329396 17
1694346684454 169.13327919048982 18
1694346684732 169.11640620346606 19
1694346685010 169.09953507165588 20
1694346685300 169.0826657948468 21
1694346685571 169.06579837282646 22
1694346685780 169.0489328053824 23
1694346685978 169.03206909230224 24
1694346686163 169.0152072333737 25
1694346686354 168.99834722838438 26
1694346686526 168.98148907712198 27
1694346686779 168.96463277937426 28
1694346686960 168.94777833492896 29
