1694341011866 0.33386430949886503 0
1694341011974 0.3328685507705867 1
1694341012059 0.3319760984622977 2
1694341012161 0.3311755489636222 3
1694341012259 0.33045688322262495 4
1694341012350 0.3298112783597574 5
1694341012448 0.3292309479101654 6
1694341012569 0.32870900593018326 7
1694341012676 0.3282393510524369 8
1694341012818 0.32781656726354463 9
1694341013020 0.3274358387400056 10
1694341013172 0.3270928765362165 11
1694341013308 0.32678385529349646 12
1694341013424 0.3265053584463564 13
1694341013547 0.32625433065477516 14
1694341013689 0.32602803639915134 15
1694341013899 0.325824023846199 16
1694341014037 0.3256400932359426 17
1694341014172 0.3254742691576176 18
1694341014308 0.32532477618000705 19
1694341014460 0.32519001738314446 20
1694341014582 0.3250685554062595 21
1694341014715 0.32495909568368836 22
1694341014832 0.32486047158817416 23
1694341014941 0.3247716312410717 24
1694341015041 0.3246916257827919 25
1694341015146 0.3246195989253898 26
1694341015242 0.3245547776334087 27
1694341015361 0.32449646379967534 28
1694341015457 0.324444026800251 29
