1694344688765 169.089027582395 0
1694344688951 168.75180288377763 1
1694344689140 168.4152520254847 2
1694344689314 168.07937366077377 3
1694344689475 167.7441664455946 4
1694344689643 167.40962903858374 5
1694344689872 167.07576010105933 6
1694344690216 166.74255829701556 7
1694344690449 166.41002229311732 8
1694344690648 166.07815075869505 9
1694344690816 165.74694236573924 10
1694344690967 165.4163957888951 11
1694344691174 165.08650970545727 12
1694344691369 164.75728279536477 13
1694344691521 164.4287137411952 14
1694344691667 164.10080122816007 15
1694344691832 163.77354394409892 16
1694344692015 163.44694057947459 17
1694344692190 163.1209898273677 18
1694344692366 162.79569038347142 19
1694344692689 162.4710409460864 20
1694344692975 162.14704021611527 21
1694344693245 161.82368689705785 22
1694344693504 161.50097969500555 23
1694344693814 161.17891731863648 24
1694344694062 160.85749847921002 25
1694344694305 160.53672189056198 26
1694344694513 160.21658626909908 27
1694344694659 159.89709033379424 28
1694344694821 159.57823280618092 29
