1694344891894 150.54712457111452 0
1694344892032 150.24644476681362 1
1694344892236 149.94636696331406 2
1694344892386 149.64688995460259 3
1694344892530 149.34801253708378 4
1694344892685 149.04973350957505 5
1694344892869 148.75205167330188 6
1694344893027 148.4549658318929 7
1694344893172 148.15847479137528 8
1694344893330 147.8625773601697 9
1694344893484 147.56727234908558 10
1694344893692 147.27255857131644 11
1694344893834 146.97843484243487 12
1694344893981 146.68489998038797 13
1694344894119 146.3919528054925 14
1694344894417 146.0995921404302 15
1694344894722 145.8078168102428 16
1694344894923 145.51662564232768 17
1694344895103 145.2260174664327 18
1694344895360 144.93599111465193 19
1694344895596 144.64654542142057 20
1694344895836 144.35767922351047 21
1694344896050 144.0693913600254 22
1694344896230 143.78168067239625 23
1694344896384 143.4945460043766 24
1694344896566 143.20798620203774 25
1694344896733 142.92200011376434 26
1694344896887 142.6365865902497 27
1694344897028 142.35174448449084 28
1694344897189 142.06747265178444 29
