1694343343467 159.66417430317858 0
1694343343652 159.34825500198275 1
1694343343804 159.0330643244553 2
1694343343966 158.71850096109395 3
1694343344114 158.4045465480004 4
1694343344247 158.09123420038213 5
1694343344380 157.77854542004607 6
1694343344546 157.46647896317356 7
1694343344738 157.15501673423998 8
1694343344878 156.8441913405904 9
1694343345015 156.53398455336492 10
1694343345150 156.22437849699165 11
1694343345298 155.91540536037508 12
1694343345550 155.60704713537132 13
1694343345797 155.29928616513192 14
1694343346009 154.99215422244984 15
1694343346190 154.6856335186647 16
1694343346467 154.37972283457904 17
1694343346690 154.07440477638042 18
1694343346900 153.76971061909816 19
1694343347056 153.46562283805264 20
1694343347192 153.1621242554025 21
1694343347339 152.85924573527052 22
1694343347464 152.55696996970045 23
1694343347597 152.25529575643884 24
1694343347728 151.9542061770307 25
1694343347865 151.65373160473808 26
1694343347996 151.35385499192554 27
1694343348142 151.05455963338648 28
1694343348294 150.7558754966264 29
