1694344863300 51.015967691344876 0
1694344863531 50.00551293678125 1
1694344863712 49.015193418411805 2
1694344863847 48.044607671263115 3
1694344863997 47.09336223996059 4
1694344864152 46.16107151880636 5
1694344864322 45.247357595053565 6
1694344864454 44.35185009531286 7
1694344864600 43.47418603502857 8
1694344864746 42.61400967096308 9
1694344864917 41.770972356629066 10
1694344865082 40.944732400610974 11
1694344865229 40.13495492771743 12
1694344865383 39.34131174290841 13
1694344865528 38.56348119794122 14
1694344865711 37.801148060681356 15
1694344865996 37.054003387024444 16
1694344866275 36.32174439537738 17
1694344866512 35.60407434364731 18
1694344866715 34.900702408688396 19
1694344867006 34.2113435681569 20
1694344867316 33.53571848472692 21
1694344867490 32.87355339261907 22
1694344867640 32.22457998639614 23
1694344867802 31.58853531198022 24
1694344867996 30.965161659846988 25
1694344868147 30.354206460353563 26
1694344868275 29.755422181157208 27
1694344868423 29.168566226683154 28
1694344868606 28.5934008396005 29
