1694345288900 168.3211323572725 0
1694345289061 168.30430223423042 1
1694345289218 168.28748354162602 2
1694345289389 168.27066653275168 3
1694345289569 168.25385120815338 4
1694345289753 168.23703756766233 5
1694345289926 168.2202256111097 6
1694345290098 168.20341533832675 7
1694345290288 168.1866067491448 8
1694345290428 168.16979984339505 9
1694345290569 168.15299462090886 10
1694345290745 168.13619108151755 11
1694345291104 168.11938922505246 12
1694345291312 168.10258905134486 13
1694345291529 168.0857905602262 14
1694345291812 168.0689937515278 15
1694345292071 168.0521986250811 16
1694345292285 168.0354051807175 17
1694345292447 168.01861341826847 18
1694345292590 168.0018233375654 19
1694345292758 167.98503493843987 20
1694345292931 167.96824822072318 21
1694345293069 167.951463184247 22
1694345293204 167.93467982884275 23
1694345293353 167.917898154342 24
1694345293537 167.90111816057635 25
1694345293694 167.88433984737725 26
1694345293850 167.86756321457645 27
1694345293999 167.8507882620054 28
1694345294177 167.8340149894958 29
