1694343038061 170.52828067532366 0
1694343038209 186.94630829209132 1
1694343038342 1210.9701252464013 2
1694343038460 38744.44946685858 3
1694343038600 1411865.8787501503 4
1694343038729 51630393.63284069 5
1694343038857 1888276593.661897 6
1694343038969 69059972566.95338 7
1694343039108 2525732012741.9697 8
1694343039474 92373656046296.98 9
1694343039706 3378383888638273.5 10
1694343039891 1.2355771316945675e+17 11
1694343040004 4.518879140736173e+18 12
1694343040154 1.652690727657178e+20 13
1694343040292 6.044389673230265e+21 14
1694343040445 2.2106160523840585e+23 15
1694343040581 8.084891271489565e+24 16
1694343040716 2.9568891803402035e+26 17
1694343040829 1.0814237732107585e+28 18
1694343040951 3.955093701316344e+29 19
1694343041064 1.4464973467106803e+31 20
1694343041189 5.290278137644753e+32 21
1694343041310 1.9348146636621453e+34 22
1694343041424 7.076202205861094e+35 23
1694343041540 2.587981091866336e+37 24
1694343041661 9.46502931517438e+38 25
1694343041841 3.46164739065015e+40 26
1694343042111 1.2660291118151934e+42 27
1694343042330 4.630251239027938e+43 28
1694343042502 1.6934228712782798e+45 29
