1694339322074 169.4558368316729 0
1694339322156 137.32668739048407 1
1694339322243 111.84889344307874 2
1694339322332 91.59351119982944 3
1694339322425 75.44539828942158 4
1694339322503 62.53343769498692 5
1694339322573 52.1763849971005 6
1694339322656 43.84082717131166 7
1694339322719 37.10853231127944 8
1694339322814 31.65108230278858 9
1694339322907 27.21015495858322 10
1694339323023 23.582189631490238 11
1694339323135 20.606454998634327 12
1694339323225 18.155758243584092 13
1694339323331 16.129205725817584 14
1694339323531 14.446557620634044 15
1694339323670 13.04382161133449 16
1694339323808 11.869810235304033 17
1694339323920 10.883448127246867 18
1694339324019 10.051663193695267 19
1694339324102 9.347732812121615 20
1694339324181 8.749984891293623 21
1694339324276 8.240775928104723 22
1694339324373 7.805685499453717 23
1694339324457 7.432880058735662 24
1694339324540 7.1126093351221575 25
1694339324628 6.83680673415286 26
1694339324729 6.598771432608406 27
1694339324805 6.392914754042173 28
1694339324895 6.214557217525797 29
