1694341060116 169.08902758239503 0
1694341060190 137.0359812026933 1
1694341060266 125.39324586198731 2
1694341060352 113.85345080430797 3
1694341060481 103.43284502072173 4
1694341060569 93.96790731299426 5
1694341060652 85.37895111376855 6
1694341060739 77.58152814051971 7
1694341060828 70.50308915338734 8
1694341060925 64.07719239526402 9
1694341061025 58.24348303663827 10
1694341061128 52.94720785329498 11
1694341061234 48.13868424580912 12
1694341061378 43.77283112594476 13
1694341061617 39.80874219313674 14
1694341061759 36.20929889344585 15
1694341061899 32.94081928163605 16
1694341062011 29.972739460158518 17
1694341062120 27.277324570470746 18
1694341062218 24.82940659355348 19
1694341062293 22.606146471228783 20
1694341062375 20.586818290983995 21
1694341062447 18.752613486630583 22
1694341062534 17.08646319727238 23
1694341062628 15.572877099535592 24
1694341062742 14.197797184467703 25
1694341062840 12.948465092430473 26
1694341062921 11.81330174804859 27
1694341062999 10.78179815405275 28
1694341063078 9.844416308786691 29
