1694342505557 4.106734959703007e+83 0
1694342505719 3.5716682162674315e+81 1
1694342505866 6.138135004686878e+79 2
1694342505995 2.993340193843059e+79 3
1694342506120 2.8564056645970475e+79 4
1694342506245 2.7536232869284753e+79 5
1694342506395 2.6584356691581836e+79 6
1694342506669 2.5698114020056484e+79 7
1694342506896 2.4870447508379595e+79 8
1694342507076 2.4095234739534692e+79 9
1694342507212 2.3367140380880175e+79 10
1694342507433 2.2681505704900474e+79 11
1694342507651 2.203425430759027e+79 12
1694342507846 2.1421811499088165e+79 13
1694342508037 2.0841035349777097e+79 14
1694342508173 2.0289157675571244e+79 15
1694342508292 1.97637335007432e+79 16
1694342508419 1.9262597753376682e+79 17
1694342508560 1.8783828133016443e+79 18
1694342508736 1.832571324713165e+79 19
1694342508897 1.788672524670085e+79 20
1694342509055 1.7465496305043118e+79 21
1694342509188 1.7060798380922125e+79 22
1694342509335 1.6671525789456116e+79 23
1694342509483 1.6296680174620313e+79 24
1694342509624 1.5935357536954007e+79 25
1694342509772 1.5586737021033606e+79 26
1694342509929 1.5250071210667136e+79 27
1694342510042 1.492467771672847e+79 28
1694342510334 1.4609931874038009e+79 29
