1694345746843 169.08902758239503 0
1694345746996 169.0552899359562 1
1694345747199 169.0215597086401 2
1694345747345 168.98783689874756 3
1694345747496 168.95412150457977 4
1694345747636 168.92041352443826 5
1694345747812 168.88671295662502 6
1694345748181 168.8530197994424 7
1694345748462 168.81933405119315 8
1694345748624 168.78565571018044 9
1694345748775 168.75198477470786 10
1694345748945 168.71832124307932 11
1694345749092 168.68466511359918 12
1694345749249 168.65101638457227 13
1694345749399 168.6173750543036 14
1694345749567 168.58374112109883 15
1694345749707 168.55011458326385 16
1694345749852 168.51649543910497 17
1694345749992 168.482883686929 18
1694345750144 168.449279325043 19
1694345750325 168.41568235175455 20
1694345750491 168.38209276537157 21
1694345750819 168.34851056420237 22
1694345751042 168.3149357465556 23
1694345751277 168.2813683107405 24
1694345751444 168.2478082550665 25
1694345751762 168.21425557784352 26
1694345752024 168.18071027738182 27
1694345752221 168.14717235199217 28
1694345752423 168.11364179998566 29
