1694340820567 1.4589498679453387e+212 0
1694340820642 9.504372049057582e+213 1
1694340820730 6.19214784729832e+215 2
1694340820810 4.0342198150965387e+217 3
1694340820909 2.6283173582523016e+219 4
1694340821008 1.712363840623934e+221 5
1694340821093 1.1156148679969242e+223 6
1694340821161 7.2682948808491725e+224 7
1694340821265 4.735335821566337e+226 8
1694340821373 3.0850984599003345e+228 9
1694340821477 2.0099593494366316e+230 10
1694340821583 1.3095000496412814e+232 11
1694340821679 8.53146796471856e+233 12
1694340821762 5.558300334005904e+235 13
1694340821939 3.621264562062892e+237 14
1694340822098 2.3592746416064105e+239 15
1694340822235 1.5370809669195272e+241 16
1694340822346 1.0014170699760457e+243 17
1694340822475 6.524289673882262e+244 18
1694340822612 4.250612160000941e+246 19
1694340822859 2.7692982129649543e+248 20
1694340823032 1.8042136764435377e+250 21
1694340823205 1.1754555630831541e+252 22
1694340823324 7.658160443095249e+253 23
1694340823402 4.989335472483542e+255 24
1694340823483 3.25058068996543e+257 25
1694340823585 2.1177719718887842e+259 26
1694340823692 1.3797405918157378e+261 27
1694340823788 8.989089127505063e+262 28
1694340823872 5.856443147468162e+264 29
