1694338901909 0.5964622709266759 0
1694338901988 0.5351492820234791 1
1694338902083 0.4854601237482321 2
1694338902188 0.44518874011768067 3
1694338902267 0.4125480199066592 4
1694338902360 0.38609020695975116 5
1694338902460 0.3646424339994378 6
1694338902560 0.3472545057990718 7
1694338902661 0.33315660384998086 8
1694338902783 0.32172502708305944 9
1694338902877 0.3124544415428611 10
1694338903097 0.3049354021410272 11
1694338903249 0.2988361446820253 12
1694338903395 0.29388783674276514 13
1694338903520 0.2898726301908036 14
1694338903629 0.28661398302141594 15
1694338903765 0.2839688193522682 16
1694338903968 0.2818211783474986 17
1694338904105 0.28007706920471864 18
1694338904236 0.2786603030883838 19
1694338904348 0.2775091164281378 20
1694338904451 0.276573435262496 21
1694338904541 0.2758126588690395 22
1694338904654 0.2751938640556437 23
1694338904753 0.27469035022468435 24
1694338904855 0.27428046049905774 25
1694338904938 0.27394662649189083 26
1694338905016 0.27367459425904817 27
1694338905103 0.27345279703885017 28
1694338905193 0.27327184691633477 29
