1694342678813 2.3767595470644607e+44 0
1694342678977 5.135889221057624e+45 1
1694342679120 1.1098035707365286e+47 2
1694342679240 2.398151364811222e+48 3
1694342679378 5.182115215753157e+49 4
1694342679489 1.1197924577978519e+51 5
1694342679611 2.419736143129209e+52 6
1694342679775 5.228757312654621e+53 7
1694342680156 1.1298712511391111e+55 8
1694342680419 2.4415151972362745e+56 9
1694342680637 5.275819215973414e+57 10
1694342680926 1.1400407595718492e+59 11
1694342681155 2.4634902756904983e+60 12
1694342681308 5.323304704211478e+61 13
1694342681438 1.1503017995854421e+63 14
1694342681547 2.4856631428267998e+64 15
1694342681682 5.371217589883203e+65 16
1694342681826 1.1606551950181456e+67 17
1694342681958 2.5080355788600687e+68 18
1694342682105 5.419561719817773e+69 19
1694342682230 1.171101777123272e+71 20
1694342682343 2.5306093800282335e+72 21
1694342682463 5.468340975468269e+73 22
1694342682574 1.181642384635894e+75 23
1694342682693 2.5533863587364075e+76 24
1694342682831 5.517559273223072e+77 25
1694342682973 1.1922778638402121e+79 26
1694342683113 2.5763683437024474e+80 27
1694342683254 5.567220564720356e+81 28
1694342683420 1.2030090686374734e+83 29
