1694343348658 150.37686472324788 0
1694343348836 150.07913442505898 1
1694343349043 149.78203584816768 2
1694343349334 149.4855292739238 3
1694343349566 149.1896135196775 4
1694343349896 148.8942874051452 5
1694343350097 148.599549752405 6
1694343350376 148.30539938589195 7
1694343350631 148.011835132393 8
1694343350824 147.71885582104298 9
1694343350975 147.4264602833192 10
1694343351130 147.13464735303702 11
1694343351274 146.84341586634537 12
1694343351398 146.55276466172165 13
1694343351536 146.26269257996762 14
1694343351676 145.97319846420407 15
1694343351805 145.68428115986677 16
1694343351941 145.39593951470152 17
1694343352092 145.10817237875958 18
1694343352230 144.8209786043931 19
1694343352349 144.5343570462505 20
1694343352480 144.24830656127173 21
1694343352613 143.96282600868395 22
1694343352802 143.6779142499967 23
1694343353056 143.39357014899747 24
1694343353317 143.10979257174705 25
1694343353505 142.82658038657505 26
1694343353765 142.5438966584338 27
1694343353975 142.2618121000776 28
1694343354178 141.9802895515406 29
