1694346695595 168.67457117504213 0
1694346695835 168.6577132557933 1
1694346696196 168.64086689943434 2
1694346696517 168.62402239751734 3
1694346696914 168.60717975064324 4
1694346697142 168.59033895859903 5
1694346697354 168.573500021172 6
1694346697565 168.55666293814934 7
1694346697798 168.53982770931822 8
1694346698001 168.52299433446595 9
1694346698178 168.50616281337977 10
1694346698364 168.489333145847 11
1694346698594 168.47250533165501 12
1694346698973 168.4556793705911 13
1694346699261 168.43885526244273 14
1694346699564 168.42203300699722 15
1694346699830 168.40521260404208 16
1694346700117 168.38839405336472 17
1694346700324 168.37157735475262 18
1694346700560 168.35476250799329 19
1694346700739 168.33794951287427 20
1694346700930 168.32113836918313 21
1694346701099 168.30432907670746 22
1694346701279 168.2875216352348 23
1694346701496 168.2707160445529 24
1694346701723 168.2539123044493 25
1694346701904 168.23711041471176 26
1694346702072 168.22031037512795 27
1694346702264 168.2035121854856 28
1694346702640 168.18671584557248 29
