1694342364644 121.35809832256318 0
1694342364802 120.72507490591616 1
1694342364929 120.11238251575769 2
1694342365063 119.51743191039286 3
1694342365200 118.93806947938317 4
1694342365327 118.37250198157766 5
1694342365468 117.81923431580262 6
1694342365631 117.2770180669663 7
1694342365968 116.74480896129403 8
1694342366205 116.22173168765414 9
1694342366414 115.70705080919221 10
1694342366696 115.20014671045914 11
1694342366919 114.7004957079143 12
1694342367289 114.20765360273822 13
1694342367475 113.72124207977754 14
1694342367616 113.24093745970498 15
1694342367741 112.76646139685052 16
1694342367856 112.29757318574653 17
1694342367983 111.83406339779151 18
1694342368111 111.37574861768945 19
1694342368233 110.92246708921745 20
1694342368364 110.47407511285948 21
1694342368502 110.03044406511648 22
1694342368620 109.59145793185175 23
1694342368747 109.15701126667362 24
1694342368882 108.72700750077131 25
1694342369034 108.3013575433651 26
1694342369166 107.8799786224678 27
1694342369287 107.46279332436738 28
1694342369520 107.04972879744348 29
