1694340853587 1.32248866235291e+108 0
1694340853721 4.1457089977893866e+111 1
1694340853923 1.2996155749365378e+115 2
1694340854100 4.074092809152759e+118 3
1694340854234 1.2771647682674984e+122 4
1694340854357 4.003713026895501e+125 5
1694340854454 1.2551018004888798e+129 6
1694340854699 3.934549052362783e+132 7
1694340854855 1.2334199695529865e+136 8
1694340855018 3.866579882587807e+139 9
1694340855132 1.2121126913366755e+143 10
1694340855221 3.799784877368493e+146 11
1694340855320 1.191173495457439e+150 12
1694340855427 3.7341437530614494e+153 13
1694340855533 1.1705960233083479e+157 14
1694340855624 3.6696365764223144e+160 15
1694340855703 1.150374026127147e+164 16
1694340855792 3.6062437585527234e+167 17
1694340855901 1.130501363098676e+171 18
1694340855977 3.543946048951704e+174 19
1694340856071 1.1109719994901131e+178 20
1694340856159 3.482724529669845e+181 21
1694340856246 1.0917800048183783e+185 22
1694340856344 3.4225606095645414e+188 23
1694340856428 1.0729195510492525e+192 24
1694340856504 3.363436018654434e+195 25
1694340856587 1.054384910827548e+199 26
1694340856653 3.3053328025712515e+202 27
1694340856753 1.0361704557379097e+206 28
1694340856840 3.248233317107756e+209 29
