1694344104784 124.81705335139453 0
1694344104976 123.59170318033347 1
1694344105126 122.38003957354708 2
1694344105301 121.18020668687959 3
1694344105451 119.99234896770692 4
1694344105606 118.81610429153268 5
1694344105731 117.65159116553205 6
1694344105869 116.49846982844969 7
1694344106013 115.35684125659468 8
1694344106178 114.22638760286978 9
1694344106332 113.10719262409609 10
1694344106488 111.99895998876005 11
1694344106643 110.90175654092614 12
1694344106813 109.81530707223757 13
1694344106965 108.7396618163871 14
1694344107298 107.67456630180202 15
1694344107528 106.62005444989823 16
1694344107726 105.57589214547866 17
1694344107922 104.54209729154266 18
1694344108187 103.51845575473536 19
1694344108426 102.50496970932022 20
1694344108625 101.50146773330542 21
1694344108798 100.50785054790248 22
1694344108964 99.5240799460846 23
1694344109154 98.5499859960996 24
1694344109293 97.5855386704693 25
1694344109434 96.63058504350411 26
1694344109566 95.68508028809458 27
1694344109712 94.74888991392795 28
1694344109878 93.82195455023327 29
