1694338867958 9.07021908551277 0
1694338868048 8.282841326041233 1
1694338868137 7.5718856096146165 2
1694338868219 6.925361742764196 3
1694338868316 6.337615467476505 4
1694338868411 5.803236901231878 5
1694338868525 5.317329848673982 6
1694338868631 4.875449071721115 7
1694338868748 4.473559352017424 8
1694338868959 4.107997523023034 9
1694338869105 3.7754380619883174 10
1694338869236 3.472861867309707 11
1694338869347 3.197527928174504 12
1694338869470 2.946947618206811 13
1694338869584 2.718861369839203 14
1694338869783 2.511217508697393 15
1694338870002 2.3221530477600782 16
1694338870144 2.1499762596305745 17
1694338870264 1.9931508621075356 18
1694338870336 1.8502816675289624 19
1694338870414 1.7201015602319818 20
1694338870492 1.6014596790523734 21
1694338870591 1.4933106932018163 22
1694338870682 1.3947050702158 23
1694338870781 1.3047802440594054 24
1694338870888 1.2227526000007158 25
1694338870982 1.1479102005936686 26
1694338871114 1.0796061841268063 27
1694338871216 1.0172527732583148 28
1694338871312 0.9603158373313225 29
