1694343819164 169.4425651980607 0
1694343819364 166.05154355774556 1
1694343819611 162.7791690241579 2
1694343820022 159.57385280693123 3
1694343820364 156.43204804181684 4
1694343820605 153.35249343539982 5
1694343820847 150.3339527744795 6
1694343821086 147.37521442696666 7
1694343821381 144.47509085271875 8
1694343821601 141.63241812411502 9
1694343821791 138.84629300595466 10
1694343821986 136.11536419701096 11
1694343822385 133.4385354835651 12
1694343822642 130.81473245362304 13
1694343822883 128.24264448519628 14
1694343823147 125.72174822258789 15
1694343823445 123.25078123738895 16
1694343823674 120.82875205951845 17
1694343823880 118.45468893571098 18
1694343824051 116.12763943704935 19
1694343824319 113.84639257111564 20
1694343824545 111.61036443017622 21
1694343824802 109.4188145908699 22
1694343825017 107.27065509607911 23
1694343825245 105.16502449309097 24
1694343825483 103.10084116977603 25
1694343825735 101.07745149347559 26
1694343826166 99.09439598579137 27
1694343826378 97.15059218743671 28
1694343826651 95.24526092462274 29
