1694346140314 169.089027582395 0
1694346140465 168.75180288377763 1
1694346140648 168.58372113515827 2
1694346140836 168.41572281207925 3
1694346141043 168.24790908949828 4
1694346141286 168.08027969545648 5
1694346141516 167.9128344191048 6
1694346141943 167.74557304980442 7
1694346142218 167.5784953771631 8
1694346142454 167.4116011910349 9
1694346142664 167.2448902815195 10
1694346142879 167.07836243896259 11
1694346143072 166.9120174539549 12
1694346143280 166.74585511733238 13
1694346143465 166.57987522017564 14
1694346143640 166.41407755380973 15
1694346143844 166.248461909804 16
1694346144050 166.08302807997165 17
1694346144362 165.9177758563694 18
1694346144663 165.7527050312973 19
1694346144949 165.58781539729844 20
1694346145232 165.42310674715876 21
1694346145482 165.25857887390643 22
1694346145712 165.09423157081196 23
1694346145898 164.93006463138758 24
1694346146100 164.76607784938724 25
1694346146319 164.6022710188061 26
1694346146550 164.43864393388043 27
1694346146745 164.27519638908706 28
1694346146960 164.11192817914343 29
