1694345697842 94.71724894852368 0
1694345698006 92.96527680634586 1
1694345698214 91.25044020512658 2
1694345698373 89.57190902859924 3
1694345698516 87.92887229791573 4
1694345698642 86.3205377229778 5
1694345698797 84.7461312643812 6
1694345698999 83.2048967057201 7
1694345699165 81.69609523600612 8
1694345699483 80.2190050419609 9
1694345699708 78.77292090994865 10
1694345699908 77.35715383731845 11
1694345700102 75.97103065293363 12
1694345700371 74.61389364666967 13
1694345700603 73.28510020766745 14
1694345700777 71.9840224711344 15
1694345700962 70.71004697348957 16
1694345701095 69.46257431565571 17
1694345701234 68.24101883430373 18
1694345701362 67.04480828086143 19
1694345701512 65.87338350810188 20
1694345701683 64.72619816413152 21
1694345701823 63.60271839360226 22
1694345701985 62.50242254597619 23
1694345702124 61.42480089067537 24
1694345702296 60.36935533895337 25
1694345702443 59.33559917232896 26
1694345702574 58.3230567774263 27
1694345702718 57.33126338706948 28
1694345702847 56.35976482748301 29
