1694341145764 0.904443976971276 0
1694341145895 0.8577328074795831 1
1694341146111 0.8148518201974146 2
1694341146304 0.7756541552419428 3
1694341146451 0.7398016296618051 4
1694341146579 0.7069978527179588 5
1694341146696 0.6769727062695362 6
1694341146910 0.6494805907325949 7
1694341147101 0.6242981375380869 8
1694341147286 0.6012221724716476 9
1694341147443 0.5800678648898455 10
1694341147567 0.5606670479296275 11
1694341147680 0.5428666937261314 12
1694341147787 0.5265275292792905 13
1694341147889 0.511522779936342 14
1694341147987 0.49773702866884384 15
1694341148096 0.4850651804209735 16
1694341148186 0.47341152180185325 17
1694341148283 0.4626888672978895 18
1694341148386 0.45281778400038364 19
1694341148509 0.4437258875865979 20
1694341148616 0.4353472029663829 21
1694341148720 0.4276215836176652 22
1694341148813 0.420494184188456 23
1694341148912 0.41391498144587835 24
1694341149016 0.40783833910880474 25
1694341149128 0.40222261251438807 26
1694341149242 0.39702978944405276 27
1694341149346 0.3922251637748942 28
1694341149452 0.38777703893123144 29
