1694338974550 4.967402496791968 0
1694338974638 4.967102524935759 1
1694338974745 4.9669351784195594 2
1694338974860 4.966869101449995 3
1694338974988 4.966879540527211 4
1694338975088 4.966946975580387 5
1694338975170 4.967056041327565 6
1694338975262 4.967194674833062 7
1694338975359 4.967353440041581 8
1694338975564 4.9675249912825 9
1694338975727 4.967703646270845 10
1694338975883 4.96788504565425 11
1694338976021 4.968065881163841 12
1694338976131 4.9682436782901815 13
1694338976267 4.968416622398121 14
1694338976467 4.96858341952199 15
1694338976624 4.96874318490061 16
1694338976781 4.968895353736725 17
