1694344156881 169.089027582395 0
1694344157027 169.05528993595618 1
1694344157166 169.0386980774448 2
1694344157310 169.02196752244566 3
1694344157454 169.00524363168182 4
1694344157597 168.98851870543405 5
1694344157735 168.9717970001188 6
1694344157904 168.95507540365088 7
1694344158093 168.9383547361878 8
1694344158413 168.921638653302 9
1694344158684 168.90492205010023 10
1694344158913 168.88820866928887 11
1694344159088 168.87149414087705 12
1694344159280 168.85478367569192 13
1694344159403 168.83807528767593 14
1694344159522 168.82136700352942 15
1694344159649 168.8046619430693 16
1694344159799 168.78795573261502 17
1694344159965 168.77125358436209 18
1694344160161 168.7545535142067 19
1694344160321 168.73785458691412 20
1694344160480 168.72115627996277 21
1694344160780 168.7044589040083 22
1694344160996 168.68776506864788 23
1694344161180 168.67107331220367 24
1694344161340 168.6543826970672 25
1694344161590 168.6376904047711 26
1694344161842 168.62100478187358 27
1694344162045 168.6043191520914 28
1694344162274 168.58763413887633 29
