1694345438272 169.4520541023269 0
1694345438453 169.1141062767211 1
1694345438650 168.9455965836276 2
1694345438876 168.7771707114155 3
1694345439084 168.60891311424294 4
1694345439302 168.44082358172966 5
1694345439671 168.27290194598834 6
1694345439940 168.1051480392782 7
1694345440181 167.93756169402607 8
1694345440356 167.77014274282647 9
1694345440544 167.60289101844086 10
1694345440695 167.43580635379806 11
1694345440887 167.2688885819938 12
1694345441044 167.10213753629054 13
1694345441217 166.93555305011748 14
1694345441397 166.76913495707018 15
1694345441581 166.60288309091044 16
1694345441781 166.43679728556634 17
1694345442084 166.2708773751318 18
1694345442307 166.10512319386658 19
1694345442524 165.93953457619597 20
1694345442731 165.77411135671085 21
1694345443055 165.6088533701674 22
1694345443275 165.4437604514868 23
1694345443456 165.27883243575528 24
1694345443663 165.11406915822386 25
1694345443849 164.9494704543082 26
1694345444017 164.78503615958843 27
1694345444170 164.62076610980893 28
1694345444336 164.4566601408783 29
