1694342395497 162.4309191279505 0
1694342395619 162.31479069195478 1
1694342395757 162.19903855487956 2
1694342395897 162.08365801495495 3
1694342396011 161.9686444522998 4
1694342396108 161.85399332744748 5
1694342396206 161.73970017989834 6
1694342396329 161.62576062669754 7
1694342396510 161.51217036103955 8
1694342396778 161.39892515089716 9
1694342396971 161.2860208376754 10
1694342397132 161.17345333489027 11
1694342397254 161.06121862687016 12
1694342397456 160.94931276748213 13
1694342397663 160.83773187887994 14
1694342397830 160.7264721502759 15
1694342397979 160.61552983673351 16
1694342398107 160.5049012579831 17
1694342398221 160.3945827972583 18
1694342398327 160.28457090015357 19
1694342398421 160.17486207350228 20
1694342398530 160.06545288427532 21
1694342398640 159.95633995849934 22
1694342398732 159.84751998019465 23
1694342398834 159.73898969033223 24
1694342398940 159.63074588580955 25
1694342399062 159.52278541844504 26
1694342399163 159.41510519399048 27
1694342399253 159.30770217116148 28
1694342399364 159.20057336068515 29
