1694342536608 121.80255523024101 0
1694342536779 121.16373688412465 1
1694342536931 120.54557287814963 2
1694342537067 119.94542711888425 3
1694342537259 119.36110712408058 4
1694342537496 118.79078738061246 5
1694342537691 118.23294597407633 6
1694342537912 117.686312191415 7
1694342538078 117.14982319605504 8
1694342538223 116.62258820421937 9
1694342538460 116.10385886323658 10
1694342538674 115.59300475768813 11
1694342538863 115.08949315528116 12
1694342539027 114.5928722581569 13
1694342539155 114.10275735252547 14
1694342539279 113.61881935466909 15
1694342539401 113.14077533829631 16
1694342539548 112.66838070011113 17
1694342539662 112.20142267989148 18
1694342539774 111.73971500051086 19
1694342539882 111.2830934339624 20
1694342540028 110.8314121330362 21
1694342540169 110.38454059607197 22
1694342540287 109.94236115517253 23
1694342540420 109.50476689724749 24
1694342540579 109.07165994295428 25
1694342540720 108.64295002158103 26
1694342540863 108.21855329064667 27
1694342541014 107.7983913578649 28
1694342541330 107.38239047045433 29
