1694336577574 0.2772257956381537 0
1694336577621 0.2769062577062343 1
1694336577661 0.2766381061296939 2
1694336577692 0.2764129398668528 3
1694336577763 0.27622374967618096 4
1694336577824 0.2760646849265802 5
1694336577875 0.2759308598783412 6
1694336577922 0.27581819268744334 7
1694336577963 0.2757232715510346 8
1694336578026 0.2756432433737011 9
1694336578079 0.27557572112843237 10
1694336578126 0.2755187067425151 11
1694336578179 0.27547052688119156 12
1694336578225 0.27542977945071345 13
1694336578314 0.2753952890138056 14
1694336578432 0.2753660696180103 15
1694336578496 0.27534129379204153 16
1694336578577 0.2753202666762789 17
1694336578645 0.2753024044284444 18
1694336578709 0.27528721619055313 19
1694336578776 0.27527428902357143 20
1694336578915 0.2752632753160692 21
1694336578980 0.2752538822560891 22
1694336579055 0.2752458630243048 23
1694336579117 0.2752390094237669 24
1694336579184 0.27523314570909 25
1694336579357 0.2752281234174784 26
1694336579430 0.27522381703687104 27
1694336579497 0.2752201203738618 28
1694336579575 0.2752169435068164 29
