1694345383590 168.66688322702848 0
1694345383763 168.65001918614755 1
1694345383928 168.63316652701334 2
1694345384080 168.616315554981 3
1694345384276 168.59946627059733 4
1694345384424 168.58261867369322 5
1694345384588 168.56577276409945 6
1694345384866 168.54892854164706 7
1694345385215 168.53208600616688 8
1694345385631 168.5152451574899 9
1694345385864 168.49840599544703 10
1694345386241 168.48156851986934 11
1694345386540 168.46473273058777 12
1694345386776 168.44789862743335 13
1694345386975 168.43106621023705 14
1694345387176 168.41423547883 15
1694345387311 168.3974064330432 16
1694345387453 168.38057907270777 17
1694345387592 168.3637533976548 18
1694345387773 168.3469294077154 19
1694345387950 168.33010710272072 20
1694345388099 168.31328648250187 21
1694345388244 168.29646754689003 22
1694345388414 168.27965029571638 23
1694345388580 168.26283472881212 24
1694345388852 168.24602084600846 25
1694345389072 168.2292086471367 26
1694345389333 168.21239813202794 27
1694345389553 168.1955893005136 28
1694345389864 168.17878215242487 29
