1694342873556 169.08902758239503 0
1694342873699 169.23188601709296 1
1694342873831 579.6003094491597 2
1694342873930 15714.455171635282 3
1694342874050 569498.4900237644 4
1694342874202 20822868.65113621 5
1694342874372 761551062.7463226 6
1694342874492 27852217294.45752 7
1694342874602 1018639800093.641 8
1694342874796 37254737259220.22 9
1694342875140 1362518379359912.8 10
1694342875354 4.9831416634215896e+16 11
1694342875484 1.8224855689329472e+18 12
1694342875606 6.665380744336093e+19 13
1694342875722 2.4377312624198487e+21 14
1694342875843 8.915520261657522e+22 15
1694342875951 3.2606753156671706e+24 16
1694342876045 1.1925275477108886e+26 17
1694342876160 4.3614337962943504e+27 18
1694342876277 1.5951082049192333e+29 19
1694342876386 5.833792977810316e+30 20
1694342876481 2.133594473590731e+32 21
1694342876623 7.803200070780607e+33 22
1694342876737 2.8538661914583935e+35 23
1694342876865 1.0437451513318075e+37 24
1694342877024 3.817291589175541e+38 25
1694342877137 1.3960989479277496e+40 26
1694342877244 5.10595595560969e+41 27
1694342877387 1.867402468809491e+43 28
1694342877695 6.829655427568996e+44 29
