1694345893530 150.64006929625512 0
1694345893671 150.34283171318316 1
1694345893834 150.04624500907246 2
1694345893988 149.75030769568554 3
1694345894114 149.45501828827156 4
1694345894249 149.16037530555835 5
1694345894404 148.86637726974382 6
1694345894554 148.57302270648793 7
1694345894714 148.28031014490435 8
1694345894845 147.98823811755244 9
1694345894974 147.69680516042877 10
1694345895121 147.4060098129593 11
1694345895291 147.11585061799096 12
1694345895473 146.82632612178367 13
1694345895731 146.53743487400232 14
1694345895960 146.24917542770842 15
1694345896127 145.96154633935234 16
1694345896320 145.67454616876506 17
1694345896577 145.38817347915014 18
1694345896817 145.102426837076 19
1694345897022 144.81730481246746 20
1694345897189 144.53280597859825 21
1694345897360 144.24892891208268 22
1694345897502 143.96567219286803 23
1694345897640 143.6830344042264 24
1694345897769 143.40101413274684 25
1694345897932 143.11960996832772 26
1694345898099 142.8388205041686 27
1694345898231 142.55864433676246 28
1694345898354 142.27908006588802 29
