1694346250688 159.37919792606468 0
1694346250856 159.22096093114712 1
1694346251016 159.06298725414828 2
1694346251166 158.9051868740783 3
1694346251312 158.74755966795487 4
1694346251458 158.590105437495 5
1694346251617 158.43282398470754 6
1694346251794 158.27571511183365 7
1694346251960 158.11877862134605 8
1694346252119 157.96201431594903 9
1694346252284 157.8054219985782 10
1694346252426 157.6490014724 11
1694346252597 157.49275254081158 12
1694346252758 157.3366750074405 13
1694346252912 157.1807686761445 14
1694346253300 157.0250333510111 15
1694346253565 156.86946883635747 16
1694346253987 156.71407493673001 17
1694346254278 156.55885145690425 18
1694346254501 156.40379820188446 19
1694346254652 156.24891497690336 20
1694346254798 156.094201587422 21
1694346254938 155.93965783912924 22
1694346255087 155.78528353794178 23
1694346255255 155.6310784900036 24
1694346255396 155.4770425016859 25
1694346255557 155.32317537958673 26
1694346255706 155.16947693053075 27
1694346255854 155.015946961569 28
1694346256018 154.86258527997848 29
