1694338905395 0.27722161801790624 0
1694338905472 0.27690193613111463 1
1694338905548 0.27663375192331513 2
1694338905640 0.27640863671910715 3
1694338905718 0.2762195591989263 4
1694338905801 0.2760606511818491 5
1694338905910 0.2759270130617437 6
1694338906013 0.2758145521175644 7
1694338906085 0.2757198480892786 8
1694338906187 0.27564004137725107 9
1694338906295 0.2755727400209739 10
1694338906396 0.27551594227248816 11
1694338906534 0.27546797212502044 12
1694338906730 0.2754274256082969 13
1694338906876 0.27539312603514066 14
1694338907008 0.27536408669288887 15
1694338907147 0.27533947972902245 16
1694338907282 0.27531861019241455 17
1694338907421 0.2753008943673396 18
1694338907635 0.2752858416831216 19
1694338907796 0.27527303960320215 20
1694338907922 0.2752621409977477 21
1694338908045 0.2752528535872149 22
1694338908135 0.27524493111348364 23
1694338908228 0.2752381659526457 24
1694338908306 0.2752323829313145 25
1694338908371 0.2752274341480429 26
1694338908453 0.27522319463447253 27
1694338908530 0.2752195587183263 28
1694338908606 0.2752164369732338 29
