1694338574874 169.08902758239503 0
1694338574920 137.0359812026933 1
1694338574970 111.29267789768672 2
1694338575016 90.41574563191668 3
1694338575062 73.48348777721662 4
1694338575110 59.75256173524359 5
1694338575170 48.61420152071847 6
1694338575232 39.57734967364589 7
1694338575287 32.24412600784007 8
1694338575335 26.29212789610232 9
1694338575386 21.460095414955035 10
1694338575436 17.536301217766976 11
1694338575490 14.349146871828305 12
1694338575551 11.759546041333836 13
1694338575621 9.654754753319143 14
1694338575693 7.943373630460343 15
1694338575766 6.551299312323511 16
1694338575837 5.418444660898758 17
1694338575910 4.496081655328564 18
1694338576031 3.744688660867563 19
1694338576101 3.132206251627777 20
1694338576243 2.632623981924515 21
1694338576321 2.2248352516344645 22
1694338576385 1.8917093563162672 23
1694338576493 1.6193394867406408 24
1694338576675 1.3964332770971748 25
1694338576761 1.2138188463764614 26
1694338576858 1.0640444165573344 27
1694338576980 0.9410537536331519 28
1694338577057 0.8399230489163806 29
