1694341283831 0.27722164162333696 0
1694341284034 0.2769019615733718 1
1694341284164 0.2766337783203664 2
1694341284277 0.27640866339126513 3
1694341284427 0.27621958563019994 4
1694341284543 0.2760606769880972 5
1694341284676 0.2759270379644879 6
1694341284845 0.27581457592250397 7
1694341285081 0.2757198706687068 8
1694341285218 0.27564006265570423 9
1694341285393 0.27557275996355546 10
1694341285531 0.2755159608754015 11
1694341285686 0.2754679894079253 12
1694341285835 0.27542744160816335 13
1694341285967 0.2753931408013364 14
1694341286102 0.27536410028327496 15
1694341286458 0.2753394922068739 16
1694341286649 0.275318621624014 17
1694341286815 0.27530090482011627 18
1694341286990 0.2752858512242328 19
1694341287177 0.2752730482984715 20
1694341287420 0.2752621489108887 21
1694341287618 0.27525286077928296 22
1694341287757 0.2752449376425085 23
1694341287881 0.2752381718734061 24
1694341288021 0.27523238829522373 25
1694341288169 0.27522743900311863 26
1694341288310 0.27522319902537223 27
1694341288446 0.2752195626864301 28
1694341288615 0.2752164405567613 29
