1694344196324 93.01343708134438 0
1694344196693 92.10191995920707 1
1694344196911 91.20012573145625 2
1694344197127 90.30713471724467 3
1694344197339 89.42296908196319 4
1694344197511 88.54753860107373 5
1694344197670 87.68058492536423 6
1694344197832 86.82246224013478 7
1694344198019 85.97272234628794 8
1694344198166 85.131218867303 9
1694344198307 84.29827649487387 10
1694344198455 83.47347334121955 11
1694344198610 82.65667068088135 12
1694344198734 81.84816723133832 13
1694344198878 81.0475666140721 14
1694344199049 80.25487547341122 15
1694344199340 79.46987724991888 16
1694344199541 78.69284303517583 17
1694344199777 77.92340663947294 18
1694344199939 77.16144569848568 19
1694344200224 76.40720449927683 20
1694344200453 75.66022370243049 21
1694344200700 74.9208042621125 22
1694344200870 74.18861950960353 23
1694344201050 73.46355912371489 24
1694344201235 72.74582537961984 25
1694344201390 72.03511663411817 26
1694344201539 71.33132909991002 27
1694344201672 70.63464277461325 28
1694344201824 69.94477791692647 29
