1694339339260 169.089027582395 0
1694339339343 137.0359812026933 1
1694339339422 125.73884667105403 2
1694339339510 114.52898781636662 3
1694339339584 104.49273255499443 4
1694339339644 95.44189945339822 5
1694339339728 87.2787340730616 6
1694339339796 79.91158724962305 7
1694339339869 73.25878325033652 8
1694339339941 67.2472705842865 9
1694339340015 61.81171083269666 10
1694339340107 56.89364869370451 11
1694339340210 52.44077316884171 12
1694339340293 48.406258806060144 13
1694339340380 44.74817833946444 14
1694339340679 41.42897893910406 15
1694339340824 38.41501514009193 16
1694339340966 35.67613227769877 17
1694339341085 33.18529492980109 18
1694339341190 30.918255468885544 19
1694339341299 28.853258360855936 20
1694339341409 26.970776324359857 21
1694339341507 25.2532748886701 22
1694339341598 23.685002266038357 23
1694339341704 22.251801790971516 24
1694339341803 20.940944478597963 25
1694339341911 19.740979521223416 26
1694339342005 18.641600779916644 27
1694339342107 17.633527539711356 28
1694339342195 16.70839798560875 29
