1694339294205 0.71446760301621 0
1694339294327 0.6741251746339484 1
1694339294512 0.6371426901408203 2
1694339294679 0.6036091083860189 3
1694339294824 0.5731846955278295 4
1694339294946 0.545581864571659 5
1694339295060 0.5205387139218411 6
1694339295205 0.4978177106288847 7
1694339295530 0.47720337353597825 8
1694339295693 0.4585002275335694 9
1694339295834 0.4415309451720577 10
1694339295959 0.4261346611034326 11
1694339296063 0.4121654431420371 12
1694339296173 0.3994909053904183 13
1694339296268 0.38799095022312957 14
1694339296369 0.3775566271501613 15
1694339296455 0.3680890976958476 16
1694339296554 0.3594986964394661 17
1694339296654 0.3517040792801776 18
1694339296744 0.3446314508200162 19
1694339296830 0.3382138635124203 20
1694339296915 0.3323905819074201 21
1694339296997 0.32710650594461044 22
1694339297080 0.3223116478073858 23
1694339297169 0.3179606573619523 24
1694339297259 0.31401239166720146 25
1694339297332 0.31042952446112443 26
1694339297426 0.30717819190995854 27
1694339297499 0.304227671251452 28
1694339297564 0.3015500892766562 29
