1694341098730 169.08902758239503 0
1694341098787 137.03598120269328 1
1694341098850 125.3932458619873 2
1694341098925 113.85345080430793 3
1694341099015 103.43284502072171 4
1694341099090 93.96790731299423 5
1694341099165 85.37895111376854 6
1694341099241 77.58152814051971 7
1694341099310 70.50308915338734 8
1694341099409 64.07719239526405 9
1694341099491 58.24348303663828 10
1694341099564 52.947207853294984 11
1694341099678 48.13868424580913 12
1694341099812 43.77283112594479 13
1694341099940 39.80874219313678 14
1694341100284 36.209298893445876 15
1694341100446 32.94081928163608 16
1694341100577 29.972739460158547 17
1694341100714 27.277324570470764 18
1694341100840 24.82940659355351 19
1694341100959 22.6061464712288 20
1694341101082 20.586818290984006 21
1694341101182 18.7526134866306 22
1694341101285 17.086463197272394 23
1694341101388 15.572877099535608 24
1694341101504 14.197797184467715 25
1694341101597 12.948465092430483 26
1694341101701 11.813301748048602 27
1694341101804 10.781798154052764 28
1694341101903 9.844416308786704 29
