1694341327688 0.7133417634957977 0
1694341327894 0.673093534890213 1
1694341328068 0.6361976886361985 2
1694341328211 0.6027432227167216 3
1694341328340 0.5723910343257179 4
1694341328472 0.5448541555040683 5
1694341328677 0.5198712435922365 6
1694341328823 0.4972052741689823 7
1694341329003 0.476641228570755 8
1694341329153 0.4579840523664756 9
1694341329276 0.44105680078993814 10
1694341329368 0.4256989566505903 11
1694341329441 0.4117649045446008 12
1694341329542 0.39912254684163395 13
1694341329641 0.38765204826686916 14
1694341329744 0.37724469712418124 15
1694341329857 0.3678018723182978 16
1694341329986 0.3592341063421131 17
1694341330119 0.3514602353099116 18
1694341330231 0.3444066279466386 19
1694341330333 0.3380064861956361 20
1694341330441 0.3321992107894921 21
1694341330539 0.32692982574741863 22
1694341330644 0.32214845632379996 23
1694341330733 0.31780985544153634 24
1694341330830 0.31387297410546716 25
1694341330939 0.3103005717098919 26
1694341331041 0.3070588625339561 27
1694341331134 0.30411719506315665 28
1694341331262 0.3014477610876226 29
