1694336567925 0.3338314917866025 0
1694336567964 0.33283792703145026 1
1694336568027 0.33194750250716043 2
1694336568062 0.33114882966115217 3
1694336568133 0.33043190282731416 4
1694336568182 0.32978791106023897 5
1694336568229 0.329209078565465 6
1694336568265 0.3286885289665692 7
1694336568325 0.32822016949775384 8
1694336568365 0.3277985918994781 9
1694336568431 0.3274189873557146 10
1694336568486 0.32707707326929203 11
1694336568544 0.3267690300463266 12
1694336568590 0.3264914463677719 13
1694336568652 0.32624127167834316 14
1694336568784 0.3260157748307743 15
1694336568863 0.32581250799472744 16
1694336568952 0.3256292750814319 17
1694336569025 0.32546410405261544 18
1694336569093 0.3253152225799101 19
1694336569158 0.3251810366022124 20
1694336569241 0.3250601113963352 21
1694336569303 0.32495115483307546 22
1694336569365 0.32485300253845584 23
1694336569428 0.32476460471994556 24
1694336569497 0.32468501445123843 25
1694336569562 0.32461337723770195 26
1694336569712 0.32454892170879496 27
1694336569784 0.32449095130429545 28
1694336569871 0.3244388368386868 29
