1694338784517 1.6245031681252422e+212 0
1694338784607 1.1946928238917522e+214 1
1694338784687 8.836940633438358e+215 2
1694338784762 6.534249402775829e+217 3
1694338784857 4.831687066712916e+219 4
1694338784934 3.5727392292655e+221 5
1694338785027 2.64182395402766e+223 6
1694338785126 1.953468563372961e+225 7
1694338785204 1.4444715074326582e+227 8
1694338785294 1.0680990597275032e+229 9
1694338785387 7.897944649803073e+230 10
1694338785483 5.84005098808556e+232 11
1694338785559 4.318363454761554e+234 12
1694338785660 3.1931678277235983e+236 13
1694338785754 2.3611539146308553e+238 14
1694338785844 1.7459300949273993e+240 15
1694338786006 1.2910093990419827e+242 16
1694338786139 9.546231394127188e+243 17
1694338786261 7.058859052292327e+245 18
1694338786391 5.2195980867154674e+247 19
1694338786501 3.859576170173887e+249 20
1694338786578 2.8539224602919424e+251 21
1694338786710 2.1103025436577615e+253 22
1694338786892 1.560440722454967e+255 23
1694338787044 1.1538512596754347e+257 24
1694338787170 8.532030152097012e+258 25
1694338787275 6.308918754118212e+260 26
1694338787363 4.665062726751099e+262 27
1694338787438 3.44953090897178e+264 28
1694338787515 2.5507188625175817e+266 29
