1694343398829 93.44787698807693 0
1694343398996 91.61507401463577 1
1694343399161 89.81854984784096 2
1694343399300 88.0575585061022 3
1694343399431 86.33143133282148 4
1694343399639 84.63943029846767 5
1694343399828 82.98093382127736 6
1694343399972 81.35521214664132 7
1694343400082 79.76168893497331 8
1694343400188 78.19964236251411 9
1694343400313 76.66853956464762 10
1694343400422 75.16772783210973 11
1694343400538 73.69653645492069 12
1694343400634 72.25450258888416 13
1694343400726 70.84091498282082 14
1694343400842 69.45534993252487 15
1694343400938 68.09710325102633 16
1694343401039 66.76578882304871 17
1694343401139 65.46080132384449 18
1694343401263 64.18151886618733 19
1694343401397 62.92761691425604 20
1694343401523 61.69850610138998 21
1694343401628 60.49358122007369 22
1694343401734 59.31257584669037 23
1694343401850 58.15479606521174 24
1694343401955 57.020007002932275 25
1694343402083 55.90764639557447 26
1694343402190 54.81713713232513 27
1694343402381 53.74829725830272 28
1694343402572 52.700577847135115 29
