1694339075038 2.09650739158677e+108 0
1694339075243 6.454335345662042e+111 1
1694339075483 1.9870405533761485e+115 2
1694339075703 6.117330367072681e+118 3
1694339075870 1.883289737410121e+122 4
1694339076219 5.79792167858923e+125 5
1694339076422 1.78495613942457e+129 6
1694339076648 5.495190511860604e+132 7
1694339076778 1.691756906216075e+136 8
1694339076884 5.208266071126149e+139 9
1694339076991 1.6034239534045231e+143 10
1694339077105 4.936323028127245e+146 11
1694339077233 1.5197031942974744e+150 12
1694339077349 4.678579148079241e+153 13
1694339077464 1.4403538090186556e+157 14
1694339077591 4.4342930396000056e+160 15
1694339077695 1.3651475517978384e+164 16
1694339077800 4.202762022123232e+167 17
1694339077917 1.2938680944297661e+171 18
1694339078038 3.983320104661952e+174 19
1694339078163 1.2263104040135514e+178 20
1694339078290 3.775336070108543e+181 21
1694339078414 1.1622801531825802e+185 22
1694339078716 3.5782116595603754e+188 23
1694339078949 1.1015931611285544e+192 24
1694339079147 3.3913798514487554e+195 25
1694339079285 1.044074863811754e+199 26
1694339079411 3.214303230520924e+202 27
1694339079662 9.895598118335752e+205 28
1694339079837 3.0464724419836523e+209 29
