1694341161298 9.070010791841526 0
1694341161399 8.28265233748576 1
1694341161508 7.571714145476836 2
1694341161604 6.925206197333041 3
1694341161714 6.337474382017503 4
1694341161944 5.80310894967811 5
1694341162130 5.3172138257451484 6
1694341162284 4.875343881989763 7
1694341162436 4.473463999962968 8
1694341162556 4.107911103977753 9
1694341162775 3.775359753896851 10
1694341162964 3.472790923229848 11
1694341163159 3.1974636694534633 12
1694341163264 2.946889428272692 13
1694341163374 2.7188086885529517 14
1694341163485 2.511169827215096 15
1694341163591 2.322109903859911 16
1694341163695 2.149937233462841 17
1694341163795 1.9931155723298055 18
1694341163905 1.850249767791713 19
1694341164015 1.7200727359832029 20
1694341164120 1.6014336446324446 21
1694341164233 1.4932871892024568 22
1694341164327 1.3946838610792756 23
1694341164431 1.3047611158962569 24
1694341164531 1.222735358606277 25
1694341164651 1.147894669645361 26
1694341164762 1.079592203545837 27
1694341164864 1.0172401977208636 28
1694341164975 0.9603045349156509 29
