1694343419276 159.66417430317856 0
1694343419426 159.34825500198272 1
1694343419667 159.0330643244553 2
1694343419868 158.71850096109395 3
1694343420050 158.40454654800044 4
1694343420175 158.09123420038216 5
1694343420280 157.77854542004607 6
1694343420393 157.46647896317359 7
1694343420566 157.15501673424004 8
1694343420677 156.8441913405904 9
1694343420777 156.53398455336492 10
1694343420878 156.22437849699165 11
1694343421007 155.91540536037505 12
1694343421121 155.6070471353713 13
1694343421247 155.2992861651319 14
1694343421372 154.99215422244984 15
1694343421482 154.68563351866476 16
1694343421593 154.37972283457904 17
1694343421730 154.07440477638042 18
1694343421873 153.76971061909816 19
1694343421997 153.46562283805264 20
1694343422144 153.1621242554025 21
1694343422396 152.85924573527055 22
1694343422695 152.55696996970045 23
1694343422859 152.25529575643884 24
1694343422989 151.9542061770307 25
1694343423235 151.65373160473808 26
1694343423444 151.35385499192554 27
1694343423622 151.0545596333865 28
1694343423779 150.75587549662643 29
