1694346488458 168.66397724318438 0
1694346488766 168.64712048718096 1
1694346489103 168.63027529419898 2
1694346489419 168.61343195552575 3
1694346489850 168.59659047176206 4
1694346490149 168.57975084269498 5
1694346490384 168.56291306811175 6
1694346490576 168.5460771477996 7
1694346490721 168.52924308154573 8
1694346490874 168.51241086913745 9
1694346491041 168.49558051036206 10
1694346491207 168.47875200500684 11
1694346491406 168.46192535285917 12
1694346491560 168.44510055370642 13
1694346491744 168.42827760733604 14
1694346491940 168.41145651353537 15
1694346492102 168.3946372720919 16
1694346492481 168.3778198827931 17
1694346492815 168.36100434542647 18
1694346493049 168.3441906597795 19
1694346493255 168.32737882563976 20
1694346493456 168.31056884279485 21
1694346493624 168.29376071103238 22
1694346493794 168.27695443013988 23
1694346493952 168.2601499999051 24
1694346494150 168.24334742011564 25
1694346494336 168.22654669055922 26
1694346494482 168.2097478110236 27
1694346494643 168.19295078129647 28
1694346494810 168.17615560116568 29
