1694344190311 125.07196406625249 0
1694344190453 123.84374890239725 1
1694344190605 122.62961757983449 2
1694344190758 121.42731993954294 3
1694344190903 120.23704295057433 4
1694344191027 119.05838214873629 5
1694344191157 117.8914974819791 6
1694344191316 116.73600769041309 7
1694344191447 115.59205435880187 8
1694344191604 114.4592789767655 9
1694344191888 113.33780509021054 10
1694344192159 112.22729652655404 11
1694344192342 111.12785911243121 12
1694344192516 110.03923771117175 13
1694344192728 108.96130819841134 14
1694344193014 107.8941138368548 15
1694344193211 106.83736857012806 16
1694344193455 105.79114117350662 17
1694344193686 104.75516464298254 18
1694344193857 103.7294910665653 19
1694344194005 102.71391355999307 20
1694344194208 101.708324189378 21
1694344194378 100.71272445160413 22
1694344194545 99.72689414393174 23
1694344194771 98.75085077602203 24
1694344194951 97.78439204473008 25
1694344195101 96.82751973585114 26
1694344195272 95.88005094493246 27
1694344195620 94.94197200345265 28
1694344195821 94.0131190461022 29
