1694338871490 0.9044447608976832 0
1694338871581 0.8577334546732243 1
1694338871662 0.8148523161166427 2
1694338871739 0.7756545168503348 3
1694338871822 0.7398018707272187 4
1694338871915 0.7069979859202847 5
1694338871983 0.6769727431783129 6
1694338872073 0.6494805419001378 7
1694338872185 0.6242980125796957 8
1694338872286 0.6012219801406453 9
1694338872475 0.5800676131473117 10
1694338872665 0.5606667440090958 11
1694338872814 0.5428663441935627 12
1694338872924 0.5265271400885757 13
1694338873041 0.5115223564806173 14
1694338873191 0.497736575827883 15
1694338873405 0.4850647026049167 16
1694338873554 0.47341102299150417 17
1694338873694 0.4626883510818393 18
1694338873796 0.45281725360915576 19
1694338873882 0.44372534592405066 20
1694338873955 0.4353466526385532 21
1694338874038 0.4276210269592552 22
1694338874114 0.42049362328712736 23
1694338874204 0.4139144181645272 24
1694338874289 0.40783777510597274 25
1694338874374 0.4022220492629509 26
1694338874470 0.39702922824832515 27
1694338874563 0.39222460578627183 28
1694338874648 0.3877764851624941 29
