1694340776998 170.49858571959186 0
1694340777062 3885.2329374762635 1
1694340777148 15562391.454462525 2
1694340777250 63930240511.30093 3
1694340777357 262626504940905.38 4
1694340777433 1.0788741074320678e+18 5
1694340777513 4.432033011860328e+21 6
1694340777591 1.8206866290427318e+25 7
1694340777665 7.479411349834603e+28 8
1694340777759 3.0725547849740197e+32 9
1694340777838 1.2622106827799367e+36 10
1694340777920 5.185182752525804e+39 11
1694340778009 2.1300818115305636e+43 12
1694340778119 8.750411972660269e+46 13
1694340778452 3.594683982408027e+50 14
1694340778633 1.4767022368493603e+54 15
1694340778794 6.0663176707264464e+57 16
1694340778921 2.4920535205989448e+61 17
1694340779020 1.0237397852568929e+65 18
1694340779120 4.205540287376897e+68 19
1694340779199 1.7276430361951705e+72 20
1694340779275 7.097186702675358e+75 21
1694340779343 2.9155362558901683e+79 22
1694340779428 1.1977072064633355e+83 23
1694340779518 4.9202013849634926e+86 24
1694340779610 2.0212270192546187e+90 25
1694340779703 8.303234651837815e+93 26
1694340779792 3.4109827855410752e+97 27
1694340779869 1.4012374756484004e+101 28
1694340779953 5.756307160166588e+104 29
