1694344560256 169.089027582395 0
1694344560403 165.73195717333064 1
1694344560549 162.44166552176108 2
1694344560711 159.21682399416446 3
1694344560890 156.05613039760533 4
1694344561061 152.95830845340873 5
1694344561265 149.92210728131496 6
1694344561448 146.9463008939057 7
1694344561742 144.02968770109774 8
1694344562110 141.17109002450306 9
1694344562327 138.36935362145903 10
1694344562490 135.62334721853617 11
1694344562644 132.93196205433415 12
1694344562821 130.29411143138194 13
1694344562973 127.70873027695971 14
1694344563140 125.17477471266574 15
1694344563287 122.6912216325533 16
1694344563422 120.25706828966736 17
1694344563585 117.87133189081364 18
1694344563720 115.53304919939599 19
1694344563862 113.24127614616131 20
1694344564014 110.99508744769484 21
1694344564322 108.79357623251103 22
1694344564556 106.63585367458892 23
1694344564747 104.52104863420382 24
1694344564919 102.44830730590984 25
1694344565234 100.41679287353071 26
1694344565514 98.4256851720199 27
1694344565732 96.4741803560522 28
1694344565937 94.56149057521397 29
