1694338587358 169.08902758239503 0
1694338587423 137.0359812026933 1
1694338587478 111.29267789768672 2
1694338587542 90.41574563191668 3
1694338587600 73.4834877772166 4
1694338587651 59.752561735243575 5
1694338587704 48.61420152071847 6
1694338587751 39.577349673645884 7
1694338587814 32.24412600784007 8
1694338587888 26.29212789610232 9
1694338587957 21.46009541495502 10
1694338588020 17.53630121776696 11
1694338588082 14.34914687182829 12
1694338588139 11.759546041333824 13
1694338588201 9.654754753319132 14
1694338588266 7.943373630460333 15
1694338588334 6.551299312323511 16
1694338588398 5.418444660898759 17
1694338588469 4.496081655328564 18
1694338588535 3.744688660867563 19
1694338588704 3.132206251627776 20
1694338588790 2.632623981924515 21
1694338588985 2.224835251634464 22
1694338589088 1.8917093563162672 23
1694338589197 1.6193394867406408 24
1694338589305 1.396433277097171 25
1694338589407 1.213818846376458 26
1694338589491 1.0640444165573313 27
1694338589603 0.9410537536331492 28
1694338589690 0.8399230489163783 29
