1694343101193 166.47656961668176 0
1694343101326 166.41074173458583 1
1694343101455 166.3493252380085 2
1694343101676 166.2879921909704 3
1694343101958 166.2267633384504 4
1694343102179 166.16563791993056 5
1694343102387 166.10461527875597 6
1694343102579 166.04369476354816 7
1694343102856 165.98287572860048 8
1694343103088 165.92215753382519 9
1694343103243 165.8615395447033 10
1694343103378 165.80102113223407 11
1694343103512 165.7406016728858 12
1694343103660 165.68028054854648 13
1694343103810 165.62005714647535 14
1694343103935 165.55993085925442 15
1694343104055 165.49990108474077 16
1694343104172 165.4399672260191 17
1694343104318 165.38012869135497 18
1694343104519 165.32038489414805 19
1694343104677 165.26073525288604 20
1694343104829 165.20117919109916 21
1694343104958 165.14171613731455 22
1694343105072 165.0823455250119 23
1694343105243 165.02306679257828 24
1694343105471 164.9638793832647 25
1694343105673 164.9047827451421 26
1694343105842 164.8457763310582 27
1694343105974 164.78685959859453 28
1694343106227 164.728032010024 29
