1694344404736 164.6486073833184 0
1694344404910 164.4854611435951 1
1694344405105 164.32268770475193 2
1694344405502 164.16007614015697 3
1694344405978 163.99762640657156 4
1694344406443 163.83533834253114 5
1694344406687 163.6732117867964 6
1694344406976 163.51124657828873 7
1694344407165 163.3494425560906 8
1694344407373 163.18779955944507 9
1694344407535 163.0263174277557 10
1694344407688 162.8652162116697 11
1694344407858 162.704165073826 12
1694344408068 162.5432742225848 13
1694344408221 162.38254344465946 14
1694344408385 162.22197258046765 15
1694344408570 162.06156147055674 16
1694344408766 161.90130995563305 17
1694344409077 161.7412178765621 18
1694344409292 161.5812850743682 19
1694344409502 161.42151139023426 20
1694344409690 161.26189666550192 21
1694344410002 161.10244074167113 22
1694344410284 160.9431434604 23
1694344410535 160.78400466350482 24
1694344410725 160.62502419295967 25
1694344410870 160.46620189089654 26
1694344411035 160.3075375996048 27
1694344411171 160.14903116153155 28
1694344411327 159.99068241928092 29
