1694339208425 0.9044613445588147 0
1694339208531 0.857748730183569 1
1694339208641 0.814866404592599 2
1694339208741 0.7756675195334536 3
1694339208848 0.7398138803675584 4
1694339208963 0.7070090869392461 5
1694339209083 0.6769830124627323 6
1694339209207 0.6494900494882236 7
1694339209330 0.624306822285467 8
1694339209453 0.6012301501207236 9
1694339209589 0.5800751964154884 10
1694339209971 0.5606737889035243 11
1694339210131 0.5428728948009663 12
1694339210299 0.5265332366294482 13
1694339210468 0.5115280356590304 14
1694339210635 0.49774187114917673 15
1694339210810 0.48506964466423635 16
1694339210995 0.4734156397358936 17
1694339211186 0.46269266804831793 18
1694339211402 0.4528212941410138 19
1694339211569 0.4437291313673619 20
1694339211754 0.4353502025207423 21
1694339211899 0.4276243591513596 22
1694339212047 0.4204967541512706 23
1694339212188 0.41391736268796414 24
1694339212325 0.4078405470229343 25
1694339212453 0.4022246611654239 26
1694339212568 0.39703169168677216 27
1694339212684 0.39222693136122855 28
1694339212820 0.38777868260787024 29
