1694338936719 8.56843165115542 0
1694338936796 7.7956506831289385 1
1694338936874 7.098941974249392 2
1694338936947 6.466583403218268 3
1694338937025 5.892850077841193 4
1694338937097 5.372293522568575 5
1694338937202 4.899983627946878 6
1694338937289 4.471446875901315 7
1694338937374 4.082624679604038 8
1694338937467 3.729834858544351 9
1694338937557 3.4097367246375705 10
1694338937751 3.119299405568756 11
1694338937911 2.8557731069541683 12
1694338938044 2.616663040544504 13
1694338938161 2.399705771110393 14
1694338938258 2.202847757599496 15
1694338938375 2.02422588497898 16
1694338938582 1.862149802068423 17
1694338938740 1.7150858978065457 18
1694338938887 1.5816427639426458 19
1694338939003 1.4605580062484373 20
1694338939099 1.350686279141718 21
1694338939184 1.2509884302217533 22
1694338939280 1.1605216517471575 23
1694338939374 1.0784305456411207 24
1694338939478 1.0039390172759164 25
1694338939565 0.9363429211517359 26
1694338939641 0.8750033887182668 27
1694338939717 0.8193407750588387 28
1694338939782 0.7688291670280107 29
