1694339248790 0.5964490155972462 0
1694339248894 0.5351382845261303 1
1694339248982 0.4854509841546411 2
1694339249079 0.44518113115954483 3
1694339249317 0.4125416735714562 4
1694339249485 0.38608490358016745 5
1694339249681 0.3646379933707795 6
1694339249843 0.34725077994598796 7
1694339249986 0.33315347113461946 8
1694339250093 0.32172238740435566 9
1694339250314 0.3124522124234716 10
1694339250490 0.30493351553648607 11
1694339250659 0.2988345443776423 12
1694339250809 0.29388647622893077 13
1694339250914 0.28987147092781507 14
1694339251016 0.2866129930215373 15
1694339251124 0.2839679720202544 16
1694339251244 0.28182045153176916 17
1694339251376 0.2800764444202915 18
1694339251481 0.2786597648799267 19
1694339251587 0.2775086518473808 20
1694339251704 0.27657303343903855 21
1694339251835 0.27581231065747697 22
1694339251929 0.2751935617451046 23
1694339252050 0.27469008729944044 24
1694339252180 0.2742802314409639 25
1694339252280 0.2739464266171163 26
1694339252390 0.27367441958294253 27
1694339252498 0.2734526441639197 28
1694339252637 0.27327171293922314 29
