1694344008032 168.32942794473755 0
1694344008338 168.31273348692244 1
1694344008513 168.29605701957678 2
1694344008674 168.2793800233743 3
1694344008971 168.2627046902581 4
1694344009218 168.24603101967446 5
1694344009413 168.2293590114573 6
1694344009570 168.2126886654405 7
1694344009728 168.19601998145785 8
1694344009891 168.17935295934325 9
1694344010025 168.16268759893063 10
1694344010159 168.14602390005393 11
1694344010307 168.12936186254709 12
1694344010465 168.112701486244 13
1694344010622 168.09604277097873 14
1694344010764 168.0793857165852 15
1694344010890 168.0627303228974 16
1694344011003 168.04607658974945 17
1694344011161 168.0294245169753 18
1694344011303 168.01277410440903 19
1694344011420 167.99612535188473 20
1694344011689 167.97947825923643 21
1694344011928 167.96283282629832 22
1694344012097 167.9461890529045 23
1694344012230 167.92954693888902 24
1694344012549 167.91290648408614 25
1694344012784 167.89626768833 26
1694344012994 167.8796305514548 27
1694344013143 167.86299507329468 28
1694344013276 167.84636125368394 29
