1694346474150 169.44349358511332 0
1694346474369 169.40967821112142 1
1694346474583 169.39277584812294 2
1694346474782 169.37587432949994 3
1694346475193 169.35897466941842 4
1694346475551 169.34207686760467 5
1694346475846 169.32518092384598 6
1694346476083 169.30828683792947 7
1694346476233 169.2913946096424 8
1694346476412 169.27450423877212 9
1694346476618 169.25761572510578 10
1694346476830 169.2407290684308 11
1694346477035 169.2238442685345 12
1694346477244 169.2069613252042 13
1694346477428 169.19008023822735 14
1694346477765 169.1732010073913 15
1694346478117 169.15632363248358 16
1694346478349 169.1394481132916 17
1694346478887 169.12257444960278 18
1694346479216 169.10570264120477 19
1694346479493 169.0888326878851 20
1694346479693 169.07196458943122 21
1694346479900 169.05509834563074 22
1694346480089 169.03823395627137 23
1694346480235 169.02137142114069 24
1694346480369 169.00451074002638 25
1694346480540 168.98765191271607 26
1694346480726 168.97079493899759 27
1694346480899 168.95393981865854 28
1694346481056 168.9370865514868 29
