1694343864521 169.44387558283105 0
1694343864770 169.10322490266515 1
1694343864967 168.76844301279027 2
1694343865329 168.43432765037824 3
1694343865598 168.10087748566875 4
1694343865859 167.76809119155774 5
1694343866102 167.43596744359206 6
1694343866354 167.10450491996414 7
1694343866642 166.77370230150683 8
1694343866879 166.4435582716881 9
1694343867106 166.11407151660552 10
1694343867290 165.7852407249815 11
1694343867627 165.4570645881574 12
1694343867996 165.129541800089 13
1694343868230 164.80267105734055 14
1694343868607 164.4764510590802 15
1694343868870 164.15088050707436 16
1694343869065 163.8259581056828 17
1694343869313 163.50168256185307 18
1694343869553 163.17805258511578 19
1694343869791 162.85506688757934 20
1694343870046 162.53294617476195 21
1694343870284 162.2114666140715 22
1694343870515 161.89062692644697 23
1694343870714 161.57042583538194 24
1694343870977 161.25086206692004 25
1694343871318 160.93193434964928 26
1694343871652 160.6136414146976 27
1694343871914 160.29598199572723 28
1694343872238 159.97895482893003 29
