1694343577915 169.44838285806577 0
1694343578183 169.10772309714636 1
1694343578471 168.76774680092274 2
1694343578713 168.43363278847062 3
1694343579085 168.10018397116102 4
1694343579340 167.7673990218946 5
1694343579638 167.435276616223 6
1694343579935 167.1038154323436 7
1694343580188 166.77301415109397 8
1694343580433 166.44287145594686 9
1694343580686 166.11338603300467 10
1694343580935 165.78455657099448 11
1694343581338 165.4563817612626 12
1694343581579 165.1288602977693 13
1694343581881 164.80199087708382 14
1694343582137 164.47577219837896 15
1694343582466 164.15020296342584 16
1694343582704 163.82528187658895 17
1694343582897 163.50100764482056 18
1694343583144 163.17737897765605 19
1694343583394 162.8543945872084 20
1694343583652 162.5322752026943 21
1694343583915 162.2107969676457 22
1694343584108 161.88995860300685 23
1694343584325 161.5697588322768 24
1694343584576 161.25019638150434 25
1694343584788 160.9312699792831 26
1694343585209 160.61297835674617 27
1694343585465 160.29532024756128 28
1694343585855 159.97829438792542 29
