1694340741645 8.396579560820774e+107 0
1694340741753 2.584982073497551e+111 1
1694340741877 7.958161351566913e+114 2
1694340741998 2.4500104952205904e+118 3
1694340742127 7.542635995322245e+121 4
1694340742380 2.322086287749091e+125 5
1694340742543 7.148806771394483e+128 6
1694340742693 2.2008414814022554e+132 7
1694340742849 6.775540843602963e+135 8
1694340742995 2.0859273196760126e+139 9
1694340743111 6.42176452537921e+142 10
1694340743347 1.9770132559471981e+146 11
1694340743498 6.086460191344613e+149 12
1694340743649 1.8737860026676582e+153 13
1694340743797 5.768663350146005e+156 14
1694340743938 1.775948630203315e+160 15
1694340744045 5.467459870129533e+163 16
1694340744151 1.6832197127264128e+167 17
1694340744235 5.181983349872567e+170 18
1694340744332 1.595332518703774e+174 19
1694340744426 4.911412626009901e+177 20
1694340744527 1.5120342436527806e+181 21
1694340744655 4.654969411185495e+184 22
1694340744776 1.4330852829579665e+188 23
1694340744890 4.411916055335946e+191 24
1694340745013 1.3582585426566069e+195 25
1694340745275 4.1815534238653384e+198 26
1694340745362 1.2873387862107882e+202 27
1694340745460 3.9632188866087724e+205 28
1694340745561 1.2201220153869155e+209 29
