1694337722137 0.7623584543492823 0
1694337722213 0.6901943359841578 1
1694337722275 0.6305981829887126 2
1694337722339 0.5812942534928426 3
1694337722397 0.5404281033516926 4
1694337722449 0.5064876396011943 5
1694337722498 0.4782390649150993 6
1694337722546 0.4546748944479433 7
1694337722592 0.4349717609600677 8
1694337722638 0.418456157169183 9
1694337722694 0.40457661512846593 10
1694337722734 0.39288110670315624 11
1694337722773 0.38299867955017974 12
1694337722811 0.3746245296406009 13
1694337722856 0.367507862599288 14
1694337722909 0.3614420186907876 15
1694337722964 0.35625643559919895 16
1694337723017 0.3518101036430632 17
1694337723072 0.3479862333065198 18
1694337723123 0.3446879078495526 19
1694337723190 0.3418345366275614 20
1694337723249 0.33935895950337414 21
1694337723307 0.33720508091190654 22
1694337723370 0.3353259349858164 23
1694337723429 0.33368210167975293 24
1694337723481 0.3322404088596072 25
1694337723535 0.330972867514631 26
1694337723577 0.3298557971417499 27
1694337723617 0.3288691063782174 28
1694337723671 0.32799570047378823 29
