1694337781186 6.400787754436653 0
1694337781246 6.316044761839637 1
1694337781297 6.235255975320156 2
1694337781362 6.159624466325555 3
1694337781490 6.088720229355787 4
1694337781603 6.02223041759968 5
1694337781679 5.959860721756099 6
1694337781747 5.901338596907618 7
1694337781819 5.846411248398172 8
1694337781905 5.794844047428618 9
1694337781988 5.746419077847673 10
1694337782111 5.700933812274211 11
1694337782252 5.658199904796732 12
1694337782352 5.618042089041293 13
1694337782436 5.58029717156456 14
1694337782500 5.544813111543141 15
1694337782563 5.5114481786432865 16
1694337782622 5.4800701817708335 17
1694337782700 5.450555762131869 18
1694337782789 5.422789744688601 19
1694337782884 5.39666454268063 20
1694337783211 5.3720796104068445 21
1694337783334 5.348940939933714 22
1694337783437 5.327160597817606 23
1694337783580 5.306656298307516 24
1694337783654 5.287351009834306 25
1694337783724 5.269172591897705 26
1694337783825 5.252053459736577 27
1694337784002 5.235930274414304 28
1694337784154 5.2207436561727985 29
