1694340977373 0.3338314917866028 0
1694340977471 0.33283792703145026 1
1694340977571 0.33194750250716043 2
1694340977660 0.33114882966115217 3
1694340977754 0.33043190282731416 4
1694340977843 0.329787911060239 5
1694340978043 0.329209078565465 6
1694340978222 0.3286885289665691 7
1694340978366 0.3282201694977539 8
1694340978486 0.32779859189947813 9
1694340978605 0.3274189873557146 10
1694340978777 0.32707707326929203 11
1694340978978 0.3267690300463267 12
1694340979133 0.3264914463677718 13
1694340979274 0.32624127167834316 14
1694340979380 0.3260157748307744 15
1694340979491 0.3258125079947274 16
1694340979589 0.32562927508143197 17
1694340979675 0.3254641040526154 18
1694340979775 0.3253152225799101 19
1694340979866 0.3251810366022124 20
1694340979953 0.3250601113963352 21
1694340980038 0.32495115483307546 22
1694340980135 0.3248530025384558 23
1694340980224 0.32476460471994556 24
1694340980312 0.32468501445123843 25
1694340980403 0.32461337723770195 26
1694340980503 0.32454892170879496 27
1694340980601 0.32449095130429556 28
1694340980674 0.32443883683868685 29
