1694344605070 150.22681356071092 0
1694344605234 149.92676296234666 1
1694344605424 149.6273131155894 2
1694344605580 149.32846281692332 3
1694344605828 149.03021086524518 4
1694344606259 148.73255606185987 5
1694344606756 148.43549721047503 6
1694344607097 148.13903311719673 7
1694344607340 147.84316259052437 8
1694344607540 147.547884441346 9
1694344607705 147.25319748293356 10
1694344607915 146.95910053093797 11
1694344608060 146.66559240338435 12
1694344608225 146.37267192066741 13
1694344608426 146.08033790554663 14
1694344608611 145.78858918314137 15
1694344608797 145.49742458092646 16
1694344608956 145.20684292872707 17
1694344609125 144.9168430587143 18
1694344609291 144.6274238054004 19
1694344609587 144.33858400563398 20
1694344609907 144.05032249859536 21
1694344610142 143.76263812579202 22
1694344610312 143.47552973105377 23
1694344610626 143.18899616052815 24
1694344611021 142.90303626267576 25
1694344611236 142.6176488882657 26
1694344611429 142.33283289037078 27
1694344611620 142.0485871243631 28
1694344611812 141.76491044790927 29
