1694345033115 124.4925140202862 0
1694345033276 123.25829783133233 1
1694345033465 122.03818149124909 2
1694345033603 120.83016356016084 3
1694345033753 119.63413422308534 4
1694345033930 118.44997442023598 5
1694345034126 117.27756632909256 6
1694345034457 116.1167932966503 7
1694345034669 114.96753982809786 8
1694345034900 113.82969157531406 9
1694345035065 112.70313532548064 10
1694345035352 111.58775898980792 11
1694345035623 110.48345159237246 12
1694345035825 109.39010325906571 13
1694345036017 108.30760520665245 14
1694345036231 107.23584973193769 15
1694345036452 106.17473020104138 16
1694345036644 105.12414103877964 17
1694345036797 104.08397771815147 18
1694345036955 103.05413674992971 19
1694345037140 102.03451567235562 20
1694345037352 101.02501304093575 21
1694345037523 100.02552841834007 22
1694345037745 99.03596236440065 23
1694345038176 98.05621642620933 24
1694345038441 97.08619312831414 25
1694345038707 96.12579596301285 26
1694345039029 95.17492938074301 27
1694345039274 94.23349878056743 28
1694345039506 93.30141050075417 29
