1694341249442 169.45264379247743 0
1694341249571 137.33075328809034 1
1694341249677 111.30959869562149 2
1694341249788 90.23027702934327 3
1694341249927 73.15407776353071 4
1694341250039 59.320635986262346 5
1694341250151 48.11404073444104 6
1694341250293 39.03538566193586 7
1694341250458 31.680537025333 8
1694341250599 25.72212700961049 9
1694341250736 20.894969098269698 10
1694341251019 16.984244967479384 11
1694341251240 13.815936089401037 12
1694341251392 11.24907340064344 13
1694341251513 9.169459507751222 14
1694341251625 7.484583589359119 15
1694341251761 6.119502350035005 16
1694341251886 5.013503460750321 17
1694341252018 4.117402809715698 18
1694341252147 3.3913551430712996 19
1694341252269 2.8030805591758448 20
1694341252390 2.3264278544938124 21
1694341252504 1.9402107304903415 22
1694341252613 1.6272650293115438 23
1694341252769 1.3736850137573278 24
1694341252942 1.1682046833913569 25
1694341253102 1.0016965792967296 26
1694341253236 0.8667657630568826 27
1694341253457 0.7574208943286485 28
1694341253662 0.6688077648331935 29
