1694343042992 5.373774617029805e+46 0
1694343043185 1.4456492787701785e+48 1
1694343043376 3.898586067850581e+49 2
1694343043514 1.0510906174720078e+51 3
1694343043654 2.833902047539978e+52 4
1694343043783 7.640614547214746e+53 5
1694343043912 2.060022077435302e+55 6
1694343044038 5.554122384437068e+56 7
1694343044160 1.4974730561764013e+58 8
1694343044303 4.03740752904448e+59 9
1694343044467 1.0885444308282903e+61 10
1694343044589 2.9348758314802174e+62 11
1694343044717 7.912856749132289e+63 12
1694343044839 2.1334225203219807e+65 13
1694343044981 5.752020786571327e+66 14
1694343045116 1.5508293745842402e+68 15
1694343045240 4.181264008447655e+69 16
1694343045365 1.127330252757609e+71 17
1694343045516 3.0394481099851998e+72 18
1694343045780 8.194798986982306e+73 19
1694343045983 2.2094382929726484e+75 20
1694343046148 5.956970486046671e+76 21
1694343046280 1.6060868268870216e+78 22
1694343046429 4.330246224221098e+79 23
1694343046670 1.167498048578426e+81 24
1694343046849 3.1477463932887936e+82 25
1694343047014 8.486787081594863e+83 26
1694343047133 2.2881625763082048e+85 27
1694343047250 6.16922272855408e+86 28
1694343047402 1.663313152158715e+88 29
