1694342929519 169.08902758239503 0
1694342929657 168.9280369987604 1
1694342929771 168.85174775295255 2
1694342929883 168.7759012262842 3
1694342930014 168.7013154031508 4
1694342930125 168.62788784496144 5
1694342930251 168.55555015550624 6
1694342930379 168.48423727489387 7
1694342930496 168.41388820316848 8
1694342930652 168.3444457183706 9
1694342930921 168.27585614334208 10
1694342931111 168.20806912596842 11
1694342931284 168.14103743307572 12
1694342931446 168.07471675710235 13
1694342931574 168.00906553475434 14
1694342931725 167.94404477690094 15
1694342931877 167.87961790901522 16
1694342932013 167.8157506215043 17
1694342932136 167.75241072931738 18
1694342932252 167.6895680402561 19
1694342932387 167.62719423144765 20
1694342932523 167.56526273347484 21
1694342932660 167.50374862168854 22
1694342932783 167.4426285142572 23
1694342932906 167.3818804765357 24
1694342933033 167.32148393136242 25
1694342933169 167.261419574916 26
1694342933370 167.20166929778824 27
1694342933650 167.1422161109494 28
1694342933868 167.08304407630223 29
