1694345861263 94.90445185717223 0
1694345861407 93.14859176872845 1
1694345861602 91.42995313913298 2
1694345861744 89.74770388355864 3
1694345861882 88.10103110062234 4
1694345862021 86.48914062262784 5
1694345862186 84.91125657644758 6
1694345862469 83.36662095478984 7
1694345862640 81.85449319760517 8
1694345862924 80.37414978339076 9
1694345863143 78.924883830158 10
1694345863367 77.50600470583275 11
1694345863522 76.11683764786538 12
1694345863759 74.75672339183099 13
1694345863978 73.42501780880634 14
1694345864172 72.12109155131549 15
1694345864372 70.84432970763994 16
1694345864503 69.59413146429532 17
1694345864629 68.36990977648004 18
1694345864761 67.17109104630714 19
1694345864929 65.99711480863404 20
1694345865132 64.8474334243104 21
1694345865287 63.72151178066716 22
1694345865417 62.61882699907575 23
1694345865534 61.5388681494089 24
1694345865660 60.4811359712396 25
1694345865845 59.445142601618315 26
1694345865991 58.430411309272074 27
1694345866147 57.43647623507338 28
1694345866294 56.46288213862981 29
