1694346547879 164.6281758159493 0
1694346548065 164.464296233629 1
1694346548248 164.30080626590967 2
1694346548411 164.1374955771793 3
1694346548562 163.97436410132462 4
1694346548739 163.8114116333046 5
1694346549207 163.64863796840748 6
1694346549536 163.486042902161 7
1694346549787 163.32362623033217 8
1694346550015 163.1613877489269 9
1694346550185 162.99932725418992 10
1694346550343 162.8374445426043 11
1694346550506 162.67573941089123 12
1694346550680 162.51421165600985 13
1694346550869 162.3528610751567 14
1694346551039 162.19168746576582 15
1694346551183 162.0306906255081 16
1694346551324 161.8698703522911 17
1694346551489 161.709226444259 18
1694346551666 161.5487586997921 19
1694346551867 161.3884669175065 20
1694346552039 161.22835089625391 21
1694346552189 161.0684104351215 22
1694346552349 160.90864533343134 23
1694346552570 160.74905539074035 24
1694346552891 160.58964040683995 25
1694346553115 160.43040018175572 26
1694346553326 160.27133451574716 27
1694346553482 160.1124432093075 28
1694346553648 159.95372606316334 29
