1694340949345 169.089027582395 0
1694340949430 137.03598120269328 1
1694340949523 111.29267789768669 2
1694340949594 90.41574563191665 3
1694340949685 73.48348777721658 4
1694340949772 59.75256173524356 5
1694340949873 48.61420152071844 6
1694340949973 39.57734967364586 7
1694340950075 32.24412600784006 8
1694340950179 26.292127896102304 9
1694340950303 21.460095414955017 10
1694340950423 17.536301217766976 11
1694340950542 14.349146871828305 12
1694340950666 11.759546041333836 13
1694340950910 9.654754753319143 14
1694340951099 7.943373630460343 15
1694340951277 6.551299312323511 16
1694340951418 5.418444660898759 17
1694340951522 4.496081655328564 18
1694340951624 3.744688660867563 19
1694340951714 3.132206251627776 20
1694340951815 2.632623981924515 21
1694340951912 2.2248352516344645 22
1694340952020 1.8917093563162672 23
1694340952137 1.6193394867406408 24
1694340952263 1.3964332770971712 25
1694340952378 1.2138188463764583 26
1694340952495 1.064044416557331 27
1694340952627 0.9410537536331491 28
1694340952750 0.8399230489163783 29
