1694345186300 168.90542587634874 0
1694345186495 168.8885484478344 1
1694345186669 168.87169458922202 2
1694345186848 168.85484241453855 3
1694345187316 168.8379919248385 4
1694345187682 168.82114311995326 5
1694345187928 168.80429599971438 6
1694345188132 168.78745056395334 7
1694345188301 168.77060681250174 8
1694345188499 168.75376474519103 9
1694345188719 168.73692436185289 10
1694345189030 168.7200856623188 11
1694345189243 168.7032486464205 12
1694345189458 168.68641331398945 13
1694345189651 168.66957966485737 14
1694345189805 168.6527476988559 15
1694345189943 168.63591741581672 16
1694345190094 168.61908881557153 17
1694345190225 168.60226189795202 18
1694345190390 168.58543666278987 19
1694345190528 168.56861310991687 20
1694345190673 168.55179123916474 21
1694345190817 168.5349710503653 22
1694345190982 168.5181525433503 23
1694345191120 168.50133571795155 24
1694345191268 168.4845205740009 25
1694345191574 168.46770711133016 26
1694345191884 168.45089532977116 27
1694345192137 168.43408522915584 28
1694345192442 168.417276809316 29
