1694343681654 93.63404772848844 0
1694343681927 91.79678598879913 1
1694343682152 89.99667397672705 2
1694343682419 88.23218624694084 3
1694343682866 86.50260195942748 4
1694343683145 84.80725239733866 5
1694343683388 83.14542435266932 6
1694343683606 81.51649617948928 7
1694343684028 79.9197619723268 8
1694343684331 78.35464532737458 9
1694343684746 76.82044733225737 10
1694343685096 75.31663506164453 11
1694343685398 73.84257251767303 12
1694343685636 72.3976049290221 13
1694343685918 70.98126940220365 14
1694343686154 69.59287539679538 15
1694343686366 68.23199917049097 16
1694343686601 66.89795642124574 17
1694343686860 65.59036100950617 18
1694343687094 64.3086221195535 19
1694343687417 63.052131688975216 20
1694343687800 61.82056518293313 21
1694343688097 60.61324501428387 22
1694343688317 59.429880429062734 23
1694343688552 58.269907943865235 24
1694343688752 57.132747918932736 25
1694343689049 56.01816572265536 26
1694343689297 54.92561131796005 27
1694343689537 53.854519232309755 28
1694343689742 52.80470778088509 29
