1694343476431 51.60197952865904 0
1694343476575 50.59530289339441 1
1694343476699 49.60854417331578 2
1694343476824 48.64128129907219 3
1694343476958 47.69316372933621 4
1694343477236 46.76376407977423 5
1694343477413 45.85276846298995 6
1694343477619 44.95974351827222 7
1694343477765 44.084410525554375 8
1694343477971 43.226330426582905 9
1694343478236 42.38525823454046 10
1694343478459 41.56074946754239 11
1694343478628 40.75259148865574 12
1694343478788 39.96040909795374 13
1694343478918 39.18380240920092 14
1694343479034 38.42261273673118 15
1694343479161 37.67637539609094 16
1694343479281 36.9449606201623 17
1694343479400 36.2279979612066 18
1694343479515 35.525094230696794 19
1694343479642 34.83616868876423 20
1694343479770 34.16073849146289 21
1694343479882 33.49874867822782 22
1694343480008 32.84983315329906 23
1694343480135 32.21360488287243 24
1694343480266 31.59005342924292 25
1694343480387 30.978813525126352 26
1694343480531 30.379500074795356 27
1694343480693 29.792144536089662 28
1694343480935 29.216382427494533 29
