1694343519229 169.089027582395 0
1694343519377 169.05528993595618 1
1694343519557 169.02183134860758 2
1694343519710 168.98837838741406 3
1694343519872 168.95493083298732 4
1694343520030 168.9214922316419 5
1694343520214 168.8880592505778 6
1694343520408 168.85463396662902 7
1694343520678 168.82121429928304 8
1694343520932 168.7878000332891 9
1694343521076 168.7543947154074 10
1694343521228 168.72099500826084 11
1694343521406 168.6876029944916 12
1694343521572 168.65421533611905 13
1694343521708 168.62083557722332 14
1694343521862 168.58746350960493 15
1694343521992 168.5540970431856 16
1694343522143 168.52073826640884 17
1694343522290 168.48738383672273 18
1694343522417 168.45403729865603 19
1694343522593 168.42069844813378 20
1694343522788 168.3873662377763 21
1694343523122 168.35403961678074 22
1694343523366 168.32071838263533 23
1694343523597 168.2874050322602 24
1694343523767 168.25409936569983 25
1694343524063 168.22080033268068 26
1694343524276 168.18750457966345 27
1694343524412 168.15421880756463 28
1694343524560 168.1209396650362 29
