1694343414829 169.08902758239503 0
1694343414923 168.75180288377763 1
1694343415043 168.41797041817875 2
1694343415180 168.0847920035544 3
1694343415296 167.75226423347394 4
1694343415412 167.4204213862759 5
1694343415530 167.0892284335981 6
1694343415645 166.75870539647633 7
1694343415782 166.42882952030138 8
1694343415887 166.09959782240634 9
1694343416110 165.77104463742157 10
1694343416383 165.44313449843278 11
1694343416591 165.115888011716 12
1694343416743 164.78926965637254 13
1694343416873 164.46331351390654 14
1694343416958 164.1380173095399 15
1694343417065 163.81336867869268 16
1694343417185 163.48935492529273 17
1694343417316 163.16597393440472 18
1694343417458 162.8432485807917 19
1694343417575 162.52117700036325 20
1694343417689 162.19974656023743 21
1694343417812 161.87894429932246 22
1694343417901 161.55876851169884 23
1694343418034 161.23925361705892 24
1694343418167 160.92036290091306 25
1694343418294 160.60211868066153 26
1694343418428 160.28450796492749 27
1694343418554 159.96749362267607 28
1694343418845 159.6511459181389 29
