1694345918801 167.67258040314763 0
1694345919035 167.63910343374627 1
1694345919250 167.60563383608476 2
1694345919408 167.57217160847162 3
1694345919716 167.5387167492159 4
1694345919952 167.50526925662695 5
1694345920135 167.47182912901454 6
1694345920293 167.43839636468888 7
1694345920452 167.4049709619605 8
1694345920622 167.37155291914038 9
1694345920768 167.33814223453987 10
1694345920923 167.3047389064708 11
1694345921092 167.2713429332452 12
1694345921254 167.2379543131758 13
1694345921415 167.20457304457537 14
1694345921530 167.17119912575737 15
1694345921649 167.1378325550355 16
1694345921778 167.10447333072386 17
1694345921945 167.07112145113706 18
1694345922102 167.03777691459004 19
1694345922317 167.00443971939805 20
1694345922545 166.97110986387682 21
1694345922736 166.9377873463425 22
1694345922940 166.90447216511157 23
1694345923227 166.87116431850097 24
1694345923452 166.837863804828 25
1694345923634 166.80457062241027 26
1694345923835 166.771284769566 27
1694345923975 166.73800624461364 28
1694345924084 166.704735045872 29
