1694343255661 141.16274480917363 0
1694343255820 140.67366727578028 1
1694343256122 140.25119690081348 2
1694343256344 139.83200384620278 3
1694343256551 139.41854595595674 4
1694343256734 139.01039081452313 5
1694343257041 138.6072629493693 6
1694343257306 138.2089035313178 7
1694343257563 137.81507473264992 8
1694343257771 137.42555769514615 9
1694343257936 137.0401509433189 10
1694343258085 136.65866891964586 11
1694343258232 136.28094064441507 12
1694343258380 135.90680848903577 13
1694343258497 135.53612705322828 14
1694343258645 135.1687621372896 15
1694343258788 134.80458980137914 16
1694343258917 134.4434955044516 17
1694343259060 134.08537331608883 18
1694343259198 133.73012519505374 19
1694343259340 133.37766032891318 20
1694343259510 133.02789452955588 21
1694343259814 132.68074967986945 22
1694343260021 132.3361532272419 23
1694343260234 131.994037719921 24
1694343260434 131.65434038259954 25
1694343260652 131.31700272790422 26
1694343260947 130.98197020074554 27
1694343261158 130.64919185274485 28
1694343261349 130.318620044191 29
