1694345786629 55.32412822487579 0
1694345786857 54.39195122462208 1
1694345787031 53.478797102129334 2
1694345787206 52.58425025285585 3
1694345787374 51.70790453972139 4
1694345787533 50.849363072277846 5
1694345787707 50.008237991097744 6
1694345787863 49.184150257256746 7
1694345788011 48.376729446788865 8
1694345788163 47.585613549995955 9
1694345788332 46.810448775496035 10
1694345788529 46.05088935889781 11
1694345788674 45.30659737599119 12
1694345788804 44.57724256034632 13
1694345788937 43.86250212521667 14
1694345789298 43.16206058964336 15
1694345789527 42.47560960866107 16
1694345789674 41.802847807508016 17
1694345789939 41.143480619744764 18
1694345790177 40.49722012918893 19
1694345790382 39.863784915575245 20
1694345790563 39.24289990385215 21
1694345790756 38.63429621702892 22
1694345790898 38.03771103248854 23
1694345791039 37.45288744168432 24
1694345791185 36.8795743131398 25
1694345791365 36.31752615867333 26
1694345791529 35.76650300277096 27
1694345791659 35.226270255032816 28
1694345791788 34.69659858561997 29
