1694341183942 0.5956037614729317 0
1694341184094 0.5344308813071856 1
1694341184270 0.4848577068422693 2
1694341184509 0.4446824957190011 3
1694341184743 0.41212165984231564 4
1694341184926 0.38573032278578623 5
1694341185081 0.36433797306756993 6
1694341185239 0.3469963443832964 7
1694341185405 0.33293719915367936 8
1694341185517 0.32153813337482956 9
1694341185626 0.31229487844802023 10
1694341185729 0.304798865368792 11
1694341185837 0.2987190512954288 12
1694341185960 0.29378719856024277 13
1694341186075 0.28978595011046127 14
1694341186190 0.286539170034298 15
1694341186292 0.2839041188024298 16
1694341186393 0.2817651146391061 17
1694341186488 0.2800283986779848 18
1694341186590 0.2786179752097076 19
1694341186683 0.2774722417838818 20
1694341186799 0.2765412591254115 21
1694341186905 0.27578453933358976 22
1694341187160 0.275169253923258 23
1694341187336 0.27466878197027217 24
1694341187504 0.27426153377242873 25
1694341187634 0.2739299977073085 26
1694341187751 0.2736599679072587 27
1694341187994 0.27343991842203974 28
1694341188164 0.27326049606037967 29
