1694340888879 3.195297074930844e+108 0
1694340888961 1.0016548505287681e+112 1
1694340889051 3.140032851201218e+115 2
1694340889150 9.843514887244263e+118 3
1694340889251 3.085788910272622e+122 4
1694340889341 9.673468580774814e+125 5
1694340889447 3.0324820363355025e+129 6
1694340889579 9.506359816967456e+132 7
1694340889783 2.9800960364091304e+136 8
1694340890000 9.342137850042433e+139 9
1694340890142 2.9286150024332338e+143 10
1694340890272 9.18075281070492e+146 11
1694340890407 2.8780233011589954e+150 12
1694340890598 9.022155691149808e+153 13
1694340890738 2.828305569401291e+157 14
1694340890871 8.866298330179811e+160 15
1694340891012 2.7794467093734205e+164 16
1694340891110 8.713133398580364e+167 17
1694340891209 2.7314318841022675e+171 18
1694340891297 8.562614384747062e+174 19
1694340891400 2.6842465129228336e+178 20
1694340891495 8.414695580561551e+181 21
1694340891584 2.6378762670505066e+185 22
1694340891675 8.269332067511257e+188 23
1694340891763 2.592307065229796e+192 24
1694340891848 8.126479703049085e+195 25
1694340891961 2.547525069458341e+199 26
1694340892056 7.986095107188513e+202 27
1694340892166 2.503516680784653e+206 28
1694340892282 7.848135649330509e+209 29
