1694345343946 164.6195218513953 0
1694345344163 164.45515847900293 1
1694345344547 164.29116913248887 2
1694345344832 164.12734352018828 3
1694345345217 163.96368159638706 4
1694345345442 163.80018319742933 5
1694345345731 163.6368481598865 6
1694345345904 163.47367632049344 7
1694345346112 163.3106675161479 8
1694345346332 163.14782158391108 9
1694345346544 162.98513836100668 10
1694345346741 162.8226176848214 11
1694345346936 162.6602593929044 12
1694345347142 162.49806332296717 13
1694345347328 162.33602931288348 14
1694345347540 162.17415720068917 15
1694345347737 162.01244682458199 16
1694345348121 161.85089802292137 17
1694345348514 161.68951063422847 18
1694345348764 161.52828449718564 19
1694345349065 161.36721945063675 20
1694345349345 161.20631533358653 21
1694345349614 161.0455719852008 22
1694345349898 160.8849892448061 23
1694345350227 160.72456695188964 24
1694345350489 160.5643049460989 25
1694345350729 160.40420306724195 26
1694345350944 160.24426115528672 27
1694345351182 160.08447905036124 28
1694345351357 159.92485659275334 29
