1694345907565 169.44231100262496 0
1694345907727 169.4084958548369 1
1694345907857 169.37468814397 2
1694345907987 169.34088786832078 3
1694345908151 169.30709502618618 4
1694345908322 169.27330961586355 5
1694345908513 169.23953163565082 6
1694345908667 169.20576108384608 7
1694345908907 169.17199795874788 8
1694345909150 169.13824225865514 9
1694345909357 169.10449398186734 10
1694345909516 169.0707531266842 11
1694345909641 169.03701969140587 12
1694345909767 169.00329367433298 13
1694345909900 168.96957507376635 14
1694345910074 168.93586388800747 15
1694345910230 168.90216011535804 16
1694345910343 168.8684637541202 17
1694345910492 168.8347748025966 18
1694345910637 168.80109325909004 19
1694345910831 168.767419121904 20
1694345910986 168.7337523893422 21
1694345911128 168.7000930597087 22
1694345911285 168.6664411313081 23
1694345911596 168.63279660244535 24
1694345911833 168.59915947142576 25
1694345912036 168.5655297365551 26
1694345912201 168.53190739613945 27
1694345912475 168.49829244848533 28
1694345912740 168.46468489189968 29
