1694340849795 169.08902758239503 0
1694340849891 1647.055502671123 1
1694340849984 6470061.006899066 2
1694340850074 26998198029.957554 3
1694340850192 112659614932306.27 4
1694340850298 4.701124410486783e+17 5
1694340850384 1.9617118998201146e+21 6
1694340850500 8.185942855095824e+24 7
1694340850610 3.4158767366930504e+28 8
1694340850730 1.4253964493555168e+32 9
1694340850853 5.947975276772661e+35 10
1694340850981 2.48200491232421e+39 11
1694340851303 1.0357051094106237e+43 12
1694340851494 4.321849116143698e+46 13
1694340851692 1.803445750435775e+50 14
1694340851836 7.525520876274647e+53 15
1694340851959 3.140292101692611e+57 16
1694340852065 1.3103989273410513e+61 17
1694340852168 5.468107084213717e+64 18
1694340852295 2.28176278693231e+68 19
1694340852399 9.52146937805948e+71 20
1694340852495 3.973172830958866e+75 21
1694340852630 1.6579481294185463e+79 22
1694340852737 6.918380137969153e+82 23
1694340852821 2.886940965410816e+86 24
1694340852922 1.2046791259743612e+90 25
1694340853030 5.02695349141595e+93 26
1694340853142 2.097675709655873e+97 27
1694340853260 8.753300364513356e+100 28
1694340853356 3.6526269012267574e+104 29
