1694345475874 169.2520588091027 0
1694345476036 169.23514797172373 1
1694345476292 169.21826011063354 2
1694345476687 169.2013739368655 3
1694345476923 169.18448945144846 4
1694345477114 169.16760665421336 5
1694345477334 169.1507255449915 6
1694345477493 169.13384612361395 7
1694345477656 169.11696838991196 8
1694345477833 169.10009234371677 9
1694345478162 169.0832179848596 10
1694345478381 169.0663453131717 11
1694345478573 169.04947432848428 12
1694345478780 169.03260503062867 13
1694345478974 169.01573741943622 14
1694345479157 168.99887149473815 15
1694345479339 168.98200725636588 16
1694345479491 168.9651447041508 17
1694345479699 168.9482838379241 18
1694345480078 168.93142465751728 19
1694345480366 168.91456716276178 20
1694345480605 168.897711353489 21
1694345480809 168.88085722953025 22
1694345481130 168.86400479071716 23
1694345481404 168.84715403688114 24
1694345481593 168.83030496785364 25
1694345481760 168.81345758346615 26
1694345481913 168.7966118835503 27
1694345482098 168.7797678679375 28
1694345482297 168.76292553645936 29
