1694341005312 169.45803101870106 0
1694341005399 137.09035122693382 1
1694341005476 111.33683070466586 2
1694341005558 90.44878948764493 3
1694341005647 73.51263458809605 4
1694341005730 59.77636471842901 5
1694341005819 48.63365903294161 6
1694341005902 39.59327252296178 7
1694341005995 32.257172670503564 8
1694341006092 26.30283314846757 9
1694341006185 21.468893601907293 10
1694341006299 17.543545155523823 11
1694341006410 14.355123199395118 12
1694341006688 11.76448768450886 13
1694341006886 9.658851042095971 14
1694341007038 7.946778510123585 15
1694341007166 6.554138006451897 16
1694341007288 5.420819077550999 17
1694341007375 4.498074773142609 18
1694341007451 3.746368087391763 19
1694341007526 3.1336271100646815 20
1694341007638 2.6338312530796957 21
1694341007740 2.225865673975618 22
1694341007821 1.892592967640896 23
1694341007885 1.620100875189784 24
1694341007979 1.3970925964572933 25
1694341008076 1.2143926402269591 26
1694341008154 1.0645462873951939 27
1694341008252 0.9414949062710118 28
1694341008347 0.8403127319068247 29
