1694342296638 169.08902758239503 0
1694342296781 168.92803699876043 1
1694342296916 168.77319908384504 2
1694342297046 168.62375953164923 3
1694342297179 168.4790590055584 4
1694342297312 168.33852117697353 5
1694342297441 168.20164227048087 6
1694342297579 168.06798192581152 7
1694342297715 167.93715521074165 8
1694342297945 167.80882563997045 9
1694342298188 167.68269907327362 10
1694342298378 167.5585183821868 11
1694342298520 167.43605878842234 12
1694342298661 167.31512378941437 13
1694342298800 167.195541597043 14
1694342298938 167.07716202490255 15
1694342299048 166.95985376761968 16
1694342299185 166.8435020228425 17
1694342299314 166.72800641274074 18
1694342299432 166.61327916729394 19
1694342299559 166.49924353639506 20
1694342299691 166.3858324019505 21
1694342299814 166.27298706478595 22
1694342299948 166.16065618434249 23
1694342300072 166.04879485191802 24
1694342300188 165.9373637806342 25
1694342300300 165.82632859742728 26
1694342300425 165.71565922421289 27
1694342300702 165.60532933699338 28
1694342300905 165.49531589309055 29
