1694340885560 170.50717133222182 0
1694340885636 3842.6653509638018 1
1694340885710 15632331.7046845 2
1694340885794 65231003861.16432 3
1694340885874 272199640196101.28 4
1694340885951 1.135850121466348e+18 5
1694340886029 4.739739911418196e+21 6
1694340886100 1.9778255954120507e+25 7
1694340886173 8.253182999437175e+28 8
1694340886244 3.4439350860968366e+32 9
1694340886332 1.4371047967865945e+36 10
1694340886436 5.996832534052487e+39 11
1694340886530 2.502392346186741e+43 12
1694340886625 1.0442124936282553e+47 13
1694340886734 4.3573492122884244e+50 14
1694340886876 1.8182594322214554e+54 15
1694340887067 7.58733624915497e+57 16
1694340887279 3.1660867716444426e+61 17
1694340887531 1.3211626737510647e+65 18
1694340887703 5.513022656692629e+68 19
1694340887830 2.3005054121694836e+72 20
1694340887934 9.599679669366821e+75 21
1694340888026 4.00580886560701e+79 22
1694340888124 1.6715666793529775e+83 23
1694340888210 6.975208396768425e+86 24
1694340888292 2.9106545840684828e+90 25
1694340888390 1.2145744794784721e+94 26
1694340888480 5.0682453846460595e+97 27
1694340888568 2.1149062254309774e+101 28
1694340888659 8.825200839558519e+104 29
