1694343827349 93.62533055300578 0
1694343827580 91.78903566252886 1
1694343827835 89.98908106474008 2
1694343828116 88.22474616811638 3
1694343828486 86.49531310437 4
1694343828726 84.80011036354968 5
1694343828921 83.13842759220346 6
1694343829184 81.50964046202543 7
1694343829413 79.91304580862685 8
1694343829779 78.34806465307763 9
1694343830072 76.81400071420789 10
1694343830397 75.31031859544427 11
1694343830654 73.83638363800372 12
1694343830917 72.39154228138207 13
1694343831140 70.97532931058299 14
1694343831344 69.58705655674584 15
1694343831598 68.22629805192821 16
1694343831842 66.89237176752488 17
1694343832083 65.58488943117884 18
1694343832315 64.30326138432298 19
1694343832606 63.046880607179915 20
1694343832856 61.81542056587356 21
1694343833092 60.60820571493917 22
1694343833483 59.424943386991586 23
1694343833780 58.26507113796567 24
1694343834114 57.12801026189587 25
1694343834368 56.01352433708872 26
1694343834665 54.92106429962687 27
1694343834885 53.85006554964924 28
1694343835082 52.80034472969574 29
