1694343125466 5.231643424920088e+46 0
1694343125613 1.4074132398576037e+48 1
1694343125751 3.795472200065739e+49 2
1694343125917 1.0232902772785012e+51 3
1694343126093 2.7589480524351836e+52 4
1694343126229 7.438527609923936e+53 5
1694343126356 2.005536466388198e+55 6
1694343126521 5.407221166600032e+56 7
1694343126716 1.4578663279835092e+58 8
1694343126970 3.9306219665615754e+59 9
1694343127185 1.0597534731413587e+61 10
1694343127405 2.8572511764936917e+62 11
1694343127578 7.703569266329572e+63 12
1694343127839 2.076995537856801e+65 13
1694343128094 5.599885345526962e+66 14
1694343128321 1.5098114228693084e+68 15
1694343128505 4.070673579857246e+69 16
1694343128653 1.0975134472261929e+71 17
1694343128797 2.9590576183820687e+72 18
1694343128927 7.978054402007144e+73 19
1694343129079 2.151000766121856e+75 20
1694343129213 5.799414321733376e+76 21
1694343129348 1.5636073684792316e+78 22
1694343129483 4.215715358705055e+79 23
1694343129630 1.1366188433166039e+81 24
1694343129771 3.064491515810499e+82 25
1694343129931 8.262319691156739e+83 26
1694343130052 2.2276428675581173e+85 27
1694343130185 6.006052695702233e+86 28
1694343130327 1.6193201122536365e+88 29
