1694345547547 159.67803667751056 0
1694345547807 159.51851056716285 1
1694345548183 159.359233333822 2
1694345548594 159.20011544277963 3
1694345548909 159.04115680100136 4
1694345549084 158.88235724896438 5
1694345549303 158.72371662735145 6
1694345549493 158.56523477700495 7
1694345549661 158.40691153892664 8
1694345549870 158.24874675427776 9
1694345550036 158.09074026437875 10
1694345550218 157.93289191070886 11
1694345550374 157.7752015349065 12
1694345550695 157.61766897876848 13
1694345551004 157.46029408425034 14
1694345551230 157.30307669346595 15
1694345551482 157.1460166486874 16
1694345551732 156.98911379234485 17
1694345551992 156.83236796702627 18
1694345552165 156.67577901547756 19
1694345552359 156.51934678060206 20
1694345552515 156.3630711054606 21
1694345552675 156.2069518332713 22
1694345552829 156.05098880740925 23
1694345553001 155.89518187140678 24
1694345553206 155.73953086895273 25
1694345553374 155.58403564389272 26
1694345553547 155.42869604022883 27
1694345553707 155.27351190211954 28
1694345553912 155.11848307387933 29
