1694345780398 94.71724894852366 0
1694345780546 92.96527680634586 1
1694345780684 91.25044020512658 2
1694345780811 89.57190902859924 3
1694345780988 87.92887229791572 4
1694345781133 86.3205377229778 5
1694345781311 84.74613126438118 6
1694345781587 83.2048967057201 7
1694345781863 81.69609523600609 8
1694345782155 80.2190050419609 9
1694345782334 78.77292090994865 10
1694345782514 77.35715383731845 11
1694345782782 75.97103065293363 12
1694345783060 74.61389364666967 13
1694345783209 73.28510020766745 14
1694345783384 71.98402247113438 15
1694345783534 70.71004697348957 16
1694345783698 69.46257431565571 17
1694345783864 68.24101883430373 18
1694345784018 67.04480828086143 19
1694345784212 65.87338350810188 20
1694345784361 64.72619816413152 21
1694345784512 63.60271839360226 22
1694345784651 62.50242254597619 23
1694345784801 61.42480089067537 24
1694345785002 60.36935533895337 25
1694345785180 59.33559917232896 26
1694345785506 58.32305677742631 27
1694345785739 57.33126338706948 28
1694345785967 56.35976482748302 29
