1694346615333 125.38285807049036 0
1694346615623 124.18142437898723 1
1694346615914 122.99471036030587 2
1694346616317 121.82072244019548 3
1694346616598 120.65932943833802 4
1694346616813 119.51038962318475 5
1694346617009 118.37376297767268 6
1694346617206 117.24931110152471 7
1694346617488 116.13689719279209 8
1694346617689 115.03638602912204 9
1694346617887 113.94764394924955 10
1694346618114 112.87053883470779 11
1694346618295 111.80494009175449 12
1694346618507 110.7507186335116 13
1694346618694 109.70774686231591 14
1694346619038 108.6758986522779 15
1694346619418 107.65504933204664 16
1694346619746 106.64507566777804 17
1694346620053 105.64585584630414 18
1694346620329 104.65726945850099 19
1694346620639 103.67919748285301 20
1694346620854 102.71152226921112 21
1694346621039 101.7541275227426 22
1694346621250 100.80689828807054 23
1694346621436 99.86972093360004 24
1694346621632 98.9424831360298 25
1694346621865 98.0250738650461 26
1694346622049 97.11738336819752 27
1694346622238 96.21930315594815 28
1694346622651 95.330725986907 29
