1694340719967 169.089027582395 0
1694340720050 1647.0555026711231 1
1694340720135 6368726.376541857 2
1694340720208 26162510031.386745 3
1694340720299 107476031761079.8 4
1694340720384 4.415133493956754e+17 5
1694340720463 1.8137442786130348e+21 6
1694340720532 7.450892057294004e+24 7
1694340720604 3.060839011544653e+28 8
1694340720685 1.2573978233146186e+32 9
1694340720771 5.165411444747854e+35 10
1694340720869 2.1219597249816432e+39 11
1694340720965 8.717046304263883e+42 12
1694340721076 3.5809773096111895e+46 13
1694340721267 1.4710715125693112e+50 14
1694340721491 6.043186560508889e+53 15
1694340721642 2.4825512215467296e+57 16
1694340721814 1.0198362247953093e+61 17
1694340721926 4.1895043952275214e+64 18
1694340722003 1.7210554646804713e+68 19
1694340722066 7.070124847895427e+71 20
1694340722164 2.9044192003485935e+75 21
1694340722254 1.1931403013151306e+79 22
1694340722358 4.901440461664414e+82 23
1694340722473 2.0135200003520725e+86 24
1694340722580 8.271574088326431e+89 25
1694340722675 3.397976572704024e+93 26
1694340722766 1.395894501500074e+97 27
1694340722836 5.734358132338595e+100 28
1694340722920 2.35568398289275e+104 29
