1694340874845 1.6245031681253145e+212 0
1694340874951 1.194692823891807e+214 1
1694340875050 8.836940633438775e+215 2
1694340875138 6.534249402776135e+217 3
1694340875237 4.831687066713155e+219 4
1694340875315 3.5727392292656816e+221 5
1694340875386 2.641823954027811e+223 6
1694340875466 1.953468563373073e+225 7
1694340875546 1.4444715074327424e+227 8
1694340875641 1.0680990597275578e+229 9
1694340875743 7.897944649803462e+230 10
1694340875977 5.840050988085848e+232 11
1694340876138 4.318363454761786e+234 12
1694340876296 3.1931678277237705e+236 13
1694340876433 2.3611539146309776e+238 14
1694340876536 1.7459300949274963e+240 15
1694340876719 1.291009399042057e+242 16
1694340877016 9.54623139412777e+243 17
1694340877186 7.058859052292754e+245 18
1694340877280 5.219598086715773e+247 19
1694340877371 3.859576170174112e+249 20
1694340877456 2.8539224602921103e+251 21
1694340877536 2.1103025436578784e+253 22
1694340877621 1.5604407224550552e+255 23
1694340877687 1.1538512596754976e+257 24
1694340877788 8.53203015209751e+258 25
1694340877878 6.30891875411857e+260 26
1694340877960 4.665062726751379e+262 27
1694340878048 3.449530908971982e+264 28
1694340878143 2.5507188625177363e+266 29
