1694341348559 0.7133417634957978 0
1694341348778 0.673093534890213 1
1694341348966 0.6361976886361985 2
1694341349109 0.6027432227167215 3
1694341349217 0.572391034325718 4
1694341349328 0.5448541555040683 5
1694341349430 0.5198712435922365 6
1694341349528 0.4972052741689823 7
1694341349632 0.476641228570755 8
1694341349729 0.4579840523664756 9
1694341349827 0.44105680078993814 10
1694341349989 0.4256989566505903 11
1694341350108 0.4117649045446008 12
1694341350214 0.39912254684163395 13
1694341350329 0.38765204826686916 14
1694341350428 0.3772446971241812 15
1694341350517 0.3678018723182977 16
1694341350627 0.3592341063421131 17
1694341350724 0.35146023530991166 18
1694341350829 0.3444066279466386 19
1694341350938 0.3380064861956361 20
1694341351035 0.3321992107894921 21
1694341351122 0.3269298257474185 22
1694341351232 0.32214845632379996 23
1694341351327 0.3178098554415363 24
1694341351549 0.31387297410546716 25
1694341351732 0.3103005717098919 26
1694341351935 0.3070588625339561 27
1694341352047 0.30411719506315665 28
1694341352148 0.3014477610876226 29
