1694346439706 169.44288842142853 0
1694346439899 169.1048880057265 1
1694346440075 168.93641964871244 2
1694346440280 168.76803492729414 3
1694346440495 168.5998352496994 4
1694346440673 168.43182034330616 5
1694346441132 168.26398999674416 6
1694346441431 168.09634399885388 7
1694346441708 167.9288821387229 8
1694346441893 167.7616042056857 9
1694346442104 167.59450998932326 10
1694346442305 167.42759927946284 11
1694346442461 167.26087186617764 12
1694346442624 167.09432753978652 13
1694346442783 166.92796609085372 14
1694346442958 166.76178731018848 15
1694346443143 166.5957909888451 16
1694346443344 166.429976918122 17
1694346443743 166.26434488956215 18
1694346444277 166.0988946949523 19
1694346444645 165.93362612632274 20
1694346444908 165.76853897594728 21
1694346445107 165.60363303634273 22
1694346445319 165.4389081002686 23
1694346445521 165.274363960727 24
1694346445704 165.11000041096213 25
1694346445928 164.94581724446016 26
1694346446094 164.78181425494887 27
1694346446286 164.6179912363974 28
1694346446517 164.4543479830159 29
