1694342955431 169.08902758239503 0
1694342955556 169.23188601709293 1
1694342955707 579.6003094491571 2
1694342955823 15714.455171635189 3
1694342955979 569498.4900237602 4
1694342956134 20822868.65113599 5
1694342956264 761551062.7463129 6
1694342956422 27852217294.457413 7
1694342956685 1018639800093.6338 8
1694342956886 37254737259220.125 9
1694342957080 1362518379359904.0 10
1694342957224 4.983141663421556e+16 11
1694342957344 1.822485568932933e+18 12
1694342957491 6.665380744336053e+19 13
1694342957612 2.437731262419841e+21 14
1694342957735 8.915520261657472e+22 15
1694342957858 3.260675315667158e+24 16
1694342957973 1.1925275477108864e+26 17
1694342958111 4.3614337962943367e+27 18
1694342958229 1.5951082049192164e+29 19
1694342958344 5.83379297781024e+30 20
1694342958469 2.133594473590696e+32 21
1694342958582 7.803200070780463e+33 22
1694342958711 2.8538661914583437e+35 23
1694342958834 1.0437451513317882e+37 24
1694342958964 3.8172915891754585e+38 25
1694342959104 1.3960989479277225e+40 26
1694342959276 5.105955955609585e+41 27
1694342959538 1.8674024688094463e+43 28
1694342959731 6.829655427568809e+44 29
