1694337775180 169.08902758239503 0
1694337775220 137.03598120269328 1
1694337775272 125.738846671054 2
1694337775332 114.52898781636661 3
1694337775389 104.4927325549944 4
1694337775444 95.44189945339822 5
1694337775495 87.27873407306161 6
1694337775552 79.91158724962305 7
1694337775603 73.25878325033652 8
1694337775661 67.2472705842865 9
1694337775718 61.81171083269666 10
1694337775776 56.89364869370451 11
1694337775864 52.44077316884173 12
1694337775931 48.406258806060166 13
1694337776004 44.74817833946445 14
1694337776064 41.42897893910407 15
1694337776125 38.41501514009193 16
1694337776199 35.67613227769876 17
1694337776274 33.185294929801096 18
1694337776341 30.91825546888555 19
1694337776407 28.853258360855968 20
1694337776515 26.970776324359875 21
1694337776675 25.25327488867013 22
1694337777056 23.685002266038374 23
1694337777291 22.25180179097153 24
1694337777440 20.94094447859798 25
1694337777606 19.740979521223412 26
1694337777808 18.64160077991663 27
1694337777904 17.63352753971134 28
1694337777967 16.708397985608737 29
