1694340988780 169.089027582395 0
1694340988833 137.03598120269328 1
1694340988898 111.29267789768673 2
1694340988963 90.41574563191669 3
1694340989040 73.48348777721662 4
1694340989109 59.75256173524359 5
1694340989165 48.61420152071847 6
1694340989223 39.57734967364589 7
1694340989297 32.24412600784007 8
1694340989363 26.29212789610232 9
1694340989431 21.46009541495502 10
1694340989502 17.536301217766965 11
1694340989588 14.34914687182829 12
1694340989676 11.759546041333824 13
1694340989762 9.654754753319132 14
1694340989840 7.943373630460333 15
1694340989959 6.551299312323511 16
1694340990156 5.418444660898758 17
1694340990341 4.496081655328563 18
1694340990457 3.7446886608675634 19
1694340990565 3.132206251627776 20
1694340990682 2.632623981924515 21
1694340990773 2.2248352516344654 22
1694340990840 1.8917093563162672 23
1694340990932 1.6193394867406405 24
1694340991021 1.3964332770971715 25
1694340991106 1.2138188463764583 26
1694340991199 1.0640444165573313 27
1694340991267 0.9410537536331491 28
1694340991352 0.8399230489163783 29
