1694340871313 1.3224886623529198e+108 0
1694340871392 4.145708997789437e+111 1
1694340871486 1.2996155749365579e+115 2
1694340871573 4.074092809152824e+118 3
1694340871657 1.277164768267522e+122 4
1694340871729 4.003713026895575e+125 5
1694340871822 1.255101800488894e+129 6
1694340871924 3.934549052362825e+132 7
1694340872025 1.2334199695529943e+136 8
1694340872145 3.86657988258782e+139 9
1694340872287 1.2121126913366815e+143 10
1694340872490 3.7997848773685213e+146 11
1694340872667 1.1911734954574486e+150 12
1694340872798 3.734143753061489e+153 13
1694340872904 1.1705960233083609e+157 14
1694340873013 3.669636576422361e+160 15
1694340873231 1.1503740261271598e+164 16
1694340873387 3.606243758552769e+167 17
1694340873542 1.1305013630986895e+171 18
1694340873662 3.5439460489517382e+174 19
1694340873752 1.110971999490126e+178 20
1694340873844 3.482724529669887e+181 21
1694340873936 1.0917800048183966e+185 22
1694340874021 3.4225606095646045e+188 23
1694340874119 1.0729195510492725e+192 24
1694340874214 3.3634360186544967e+195 25
1694340874327 1.0543849108275706e+199 26
1694340874431 3.305332802571333e+202 27
1694340874518 1.0361704557379328e+206 28
1694340874621 3.2482333171078234e+209 29
