1694344132525 164.3142226268169 0
1694344132649 164.15151978695957 1
1694344132772 163.98916664512544 2
1694344132919 163.82700267003398 3
1694344133078 163.66497240088054 4
1694344133216 163.5031309658785 5
1694344133341 163.34144130426114 6
1694344133479 163.1798943041775 7
1694344133629 163.01853546609456 8
1694344133767 162.85732797560755 9
1694344133912 162.69628090065567 10
1694344134043 162.5353759558321 11
1694344134219 162.37465833222765 12
1694344134374 162.2140914838045 13
1694344134637 162.05368441202654 14
1694344134808 161.8934189652648 15
1694344135001 161.7333400022389 16
1694344135230 161.5734112442734 17
1694344135411 161.41362376789317 18
1694344135700 161.2540221342379 19
1694344135927 161.09457028455512 20
1694344136110 160.93527709956632 21
1694344136301 160.77612467051412 22
1694344136440 160.6171572525401 23
1694344136587 160.45833905239726 24
1694344136713 160.29966126728561 25
1694344136873 160.14116785658837 26
1694344137062 159.98282324560853 27
1694344137250 159.82463619511944 28
1694344137407 159.6665890376342 29
