1694344275156 125.07560965351091 0
1694344275311 123.8474568101409 1
1694344275478 122.63313866992115 2
1694344275613 121.43095426528389 3
1694344275799 120.24049963791465 4
1694344275946 119.06194226005 5
1694344276088 117.89489104569178 6
1694344276237 116.73949502146243 7
1694344276390 115.59538603403843 8
1694344276551 114.46269493442665 9
1694344276725 113.34107608770753 10
1694344276965 112.2306424907962 11
1694344277186 111.13113237694422 12
1694344277371 110.04241933088471 13
1694344277543 108.96455216906051 14
1694344277849 107.89723582539504 15
1694344278115 106.84054591661301 16
1694344278308 105.79420658661773 17
1694344278464 104.75827663674346 18
1694344278603 103.73254298161207 19
1694344278758 102.71689554912592 20
1694344278935 101.71134103324579 21
1694344279090 100.71565080756717 22
1694344279241 99.72984878236966 23
1694344279384 98.75372437998033 24
1694344279524 97.78728566498671 25
1694344279697 96.83034161765933 26
1694344279855 95.8828847280961 27
1694344280004 94.94474317247038 28
1694344280168 94.01589415067971 29
