1694338626557 0.5956037614729317 0
1694338626611 0.5344308813071856 1
1694338626663 0.48485770684226936 2
1694338626714 0.44468249571900104 3
1694338626769 0.41212165984231564 4
1694338626816 0.38573032278578623 5
1694338626867 0.36433797306756993 6
1694338626917 0.3469963443832964 7
1694338626969 0.33293719915367936 8
1694338627028 0.32153813337482956 9
1694338627091 0.31229487844802023 10
1694338627145 0.304798865368792 11
1694338627197 0.2987190512954288 12
1694338627248 0.29378719856024277 13
1694338627307 0.28978595011046127 14
1694338627362 0.286539170034298 15
1694338627422 0.28390411880242983 16
1694338627493 0.2817651146391061 17
1694338627550 0.2800283986779848 18
1694338627611 0.2786179752097076 19
1694338627671 0.2774722417838818 20
1694338627735 0.27654125912541155 21
1694338627865 0.27578453933358976 22
1694338627936 0.275169253923258 23
1694338627997 0.27466878197027217 24
1694338628054 0.27426153377242873 25
1694338628110 0.2739299977073085 26
1694338628168 0.27365996790725877 27
1694338628224 0.27343991842203974 28
1694338628282 0.27326049606037967 29
