1694346340369 164.28254676173412 0
1694346340517 164.11903443577265 1
1694346340677 163.95591710752294 2
1694346340883 163.79297863286874 3
1694346341090 163.6302189492535 4
1694346341270 163.467637852126 5
1694346341473 163.30523513726533 6
1694346341741 163.14301060068954 7
1694346341986 162.98096403865534 8
1694346342222 162.81909524765786 9
1694346342540 162.65740402443035 10
1694346343064 162.49589016594388 11
1694346343385 162.3345534694071 12
1694346343590 162.17339373226585 13
1694346343755 162.01241075220312 14
1694346344151 161.8516043271385 15
1694346344523 161.690974255228 16
1694346344834 161.53052033486387 17
1694346345046 161.37024236467408 18
1694346345236 161.21014014352238 19
1694346345434 161.05021347050769 20
1694346345667 160.8904621449641 21
1694346345909 160.73088596646022 22
1694346346316 160.57148473479944 23
1694346346796 160.4122582500191 24
1694346347199 160.25320631239057 25
1694346347524 160.09432872241894 26
1694346347782 159.93562528084252 27
1694346348085 159.77709578863278 28
1694346348308 159.618740046994 29
