1694344085812 168.32942794473755 0
1694344085935 168.3127334869224 1
1694344086065 168.29605701957675 2
1694344086198 168.2793800233743 3
1694344086379 168.26270469025812 4
1694344086541 168.2460310196745 5
1694344086673 168.22935901145732 6
1694344086787 168.2126886654405 7
1694344086930 168.19601998145782 8
1694344087112 168.17935295934325 9
1694344087269 168.16268759893063 10
1694344087480 168.1460239000539 11
1694344087743 168.12936186254709 12
1694344087925 168.112701486244 13
1694344088094 168.09604277097873 14
1694344088298 168.0793857165852 15
1694344088577 168.06273032289744 16
1694344088786 168.04607658974948 17
1694344088957 168.0294245169753 18
1694344089136 168.01277410440903 19
1694344089284 167.99612535188473 20
1694344089465 167.97947825923643 21
1694344089616 167.96283282629835 22
1694344089731 167.9461890529045 23
1694344089835 167.92954693888902 24
1694344089954 167.91290648408614 25
1694344090144 167.89626768833 26
1694344090268 167.8796305514548 27
1694344090378 167.86299507329468 28
1694344090487 167.84636125368397 29
