1694340765755 5.992607073382961e+211 0
1694340765884 3.903901595293171e+213 1
1694340766063 2.5434122038347673e+215 2
1694340766273 1.657047629304491e+217 3
1694340766447 1.0795760387805217e+219 4
1694340766606 7.033499840525451e+220 5
1694340766755 4.5823655055020854e+222 6
1694340766864 2.9854374212151873e+224 7
1694340767258 1.9450296108615217e+226 8
1694340767437 1.2671979523818836e+228 9
1694340767607 8.25586737370836e+229 10
1694340767765 5.3787449675204124e+231 11
1694340767868 3.5042832104788407e+233 12
1694340767963 2.2830606197908185e+235 13
1694340768059 1.4874270943778506e+237 14
1694340768163 9.69067287092907e+238 15
1694340768276 6.3135289821139205e+240 16
1694340768394 4.113300359933699e+242 17
1694340768520 2.6798387873030446e+244 18
1694340768635 1.7459303472916377e+246 19
1694340768737 1.1374836397011833e+248 20
1694340768823 7.41077118336917e+249 21
1694340768910 4.828159950211008e+251 22
1694340768992 3.145573912352732e+253 23
1694340769099 2.049359453727639e+255 24
1694340769190 1.3351694436712638e+257 25
1694340769283 8.698705539776709e+258 26
1694340769372 5.667256573793528e+260 27
1694340769468 3.692250177493686e+262 28
1694340769562 2.4055221773869204e+264 29
