1694344908892 169.4490992513712 0
1694344909071 169.4152898330518 1
1694344909251 169.38148717360167 2
1694344909408 169.34769127166942 3
1694344909576 169.31390212590384 4
1694344909776 169.28011973495398 5
1694344909990 169.24634409746923 6
1694344910271 169.21257521209915 7
1694344910567 169.17881307749366 8
1694344910770 169.1450576923029 9
1694344910945 169.11130905517734 10
1694344911112 169.07756716476757 11
1694344911313 169.0438320197247 12
1694344911470 169.0101036186998 13
1694344911611 168.97638196034453 14
1694344911771 168.94266704331056 15
1694344911938 168.90895886625 16
1694344912108 168.87525742781511 17
1694344912286 168.84156272665845 18
1694344912451 168.807874761433 19
1694344912781 168.77419353079176 20
1694344913010 168.74051903338815 21
1694344913231 168.70685126787583 22
1694344913441 168.6731902329088 23
1694344913773 168.63953592714114 24
1694344913993 168.6058883492274 25
1694344914225 168.57224749782227 26
1694344914388 168.53861337158082 27
1694344914547 168.5049859691582 28
1694344914716 168.47136528921015 29
