1694342589119 2.3674817131276856e+44 0
1694342589314 5.115840946771909e+45 1
1694342589491 1.1054713810354411e+47 2
1694342589630 2.3887900265363818e+48 3
1694342589771 5.161886495320558e+49 4
1694342589909 1.115421275832917e+51 5
1694342590044 2.4102905472823344e+52 6
1694342590183 5.2083465217934265e+53 7
1694342590418 1.1254607259553777e+55 8
1694342590563 2.431984585449303e+56 9
1694342590692 5.255224715942231e+57 10
1694342590843 1.1355905370571247e+59 11
1694342590964 2.453873882769768e+60 12
1694342591115 5.302524841519258e+61 13
1694342591250 1.145811522440286e+63 14
1694342591513 2.475960196691443e+64 15
1694342591734 5.350250696156558e+65 16
1694342591928 1.1561245027272493e+67 17
1694342592097 2.498245300480069e+68 18
1694342592252 5.398406111666941e+69 19
1694342592495 1.1665303059264388e+71 20
1694342592712 2.5207309833617678e+72 21
1694342592894 5.446994954352003e+73 22
1694342593061 1.1770297674989131e+75 23
1694342593179 2.543419050666926e+76 24
1694342593315 5.496021125312292e+77 25
1694342593457 1.1876237304253223e+79 26
1694342593585 2.566311323974781e+80 27
1694342593725 5.545488560760379e+81 28
1694342593878 1.1983130452736349e+83 29
