1694344695291 159.58874206152686 0
1694344695483 159.27039432496795 1
1694344695656 158.95268292014785 2
1694344695880 158.63560657482714 3
1694344696119 158.31916401931042 4
1694344696545 158.00335398644162 5
1694344696980 157.6881752115984 6
1694344697233 157.37362643268764 7
1694344697489 157.05970639013995 8
1694344697768 156.74641382690479 9
1694344697961 156.4337474884454 10
1694344698179 156.12170612273374 11
1694344698368 155.8102884802457 12
1694344698571 155.49949331395575 13
1694344698750 155.18931937933215 14
1694344698913 154.87976543433192 15
1694344699080 154.57083023939583 16
1694344699280 154.2625125574435 17
1694344699498 153.95481115386846 18
1694344699656 153.6477247965329 19
1694344700014 153.34125225576332 20
1694344700296 153.03539230434495 21
1694344700530 152.7301437175173 22
1694344700819 152.42550527296905 23
1694344701082 152.1214757508332 24
1694344701280 151.81805393368217 25
1694344701471 151.5152386065229 26
1694344701650 151.213028556792 27
1694344701847 150.91142257435095 28
1694344702012 150.61041945148114 29
