1694344885807 159.93077795294474 0
1694344886002 159.61175885926647 1
1694344886198 159.29337742720426 2
1694344886372 158.97563238186882 3
1694344886556 158.6585224509204 4
1694344886715 158.34204636456366 5
1694344887035 158.02620285554252 6
1694344887306 157.71099065913515 7
1694344887569 157.39640851314883 8
1694344887853 157.08245515791498 9
1694344888137 156.76912933628387 10
1694344888391 156.45642979362 11
1694344888589 156.14435527779673 12
1694344888746 155.83290453919133 13
1694344888916 155.52207633068008 14
1694344889085 155.21186940763315 15
1694344889240 154.90228252790968 16
1694344889403 154.5933144518528 17
1694344889539 154.2849639422846 18
1694344889703 153.97722976450135 19
1694344889836 153.6701106862682 20
1694344890003 153.36360547781462 21
1694344890164 153.05771291182927 22
1694344890328 152.7524317634551 23
1694344890467 152.44776081028454 24
1694344890658 152.14369883235437 25
1694344890959 151.84024461214108 26
1694344891174 151.537396934556 27
1694344891355 151.23515458694013 28
1694344891563 150.93351635905955 29
