1694343316969 51.60197952865904 0
1694343317271 50.59530289339441 1
1694343317494 49.608544173315785 2
1694343317698 48.64128129907219 3
1694343317878 47.69316372933621 4
1694343318193 46.763764079774226 5
1694343318356 45.85276846298995 6
1694343318487 44.95974351827222 7
1694343318618 44.084410525554375 8
1694343318764 43.2263304265829 9
1694343318899 42.38525823454045 10
1694343319041 41.56074946754239 11
1694343319184 40.75259148865574 12
1694343319324 39.96040909795374 13
1694343319486 39.18380240920092 14
1694343319618 38.42261273673118 15
1694343319919 37.67637539609094 16
1694343320170 36.9449606201623 17
1694343320384 36.227997961206604 18
1694343320545 35.52509423069679 19
1694343320835 34.83616868876423 20
1694343321071 34.16073849146289 21
1694343321286 33.49874867822782 22
1694343321426 32.84983315329906 23
1694343321563 32.21360488287243 24
1694343321706 31.59005342924292 25
1694343321853 30.978813525126355 26
1694343322014 30.37950007479535 27
1694343322147 29.792144536089655 28
1694343322295 29.21638242749452 29
