1694339199439 169.45379263896987 0
1694339199577 137.08693481938835 1
1694339199712 125.56979353707814 2
1694339199941 114.00896920940416 3
1694339200117 103.57421400876487 4
1694339200278 94.09362882669282 5
1694339200394 85.49428555176337 6
1694339200505 77.68634491774691 7
1694339200622 70.59832221353665 8
1694339200749 64.1637304654253 9
1694339200883 58.322125664318776 10
1694339201113 53.01868130157974 11
1694339201245 48.20022594492162 12
1694339201399 43.83017964462822 13
1694339201569 39.860685450164866 14
1694339201677 36.25639292741259 15
1694339201793 32.98352416077613 16
1694339201912 30.01147010804001 17
1694339202031 27.312456591023942 18
1694339202153 24.861279752410393 19
1694339202281 22.635068167789942 20
1694339202420 20.613066662964663 21
1694339202652 18.776440216589616 22
1694339202828 17.10809604763288 23
1694339202990 15.59252220278229 24
1694339203123 14.215641112373042 25
1694339203265 12.964676725824543 26
1694339203441 11.828033966529294 27
1694339203653 10.795189363126426 28
1694339203838 9.85659182021286 29
