1694338664956 0.7133417634957954 0
1694338665016 0.6730935348902107 1
1694338665121 0.6361976886361963 2
1694338665283 0.6027432227167198 3
1694338665380 0.572391034325716 4
1694338665458 0.5448541555040665 5
1694338665543 0.5198712435922365 6
1694338665637 0.49720527416898225 7
1694338665719 0.476641228570755 8
1694338665802 0.4579840523664757 9
1694338665867 0.44105680078993814 10
1694338665929 0.4256989566505903 11
1694338666100 0.4117649045446007 12
1694338666186 0.399122546841634 13
1694338666272 0.38765204826686916 14
1694338666373 0.37724469712418124 15
1694338666468 0.3678018723182978 16
1694338666546 0.3592341063421131 17
1694338666628 0.35146023530991166 18
1694338666689 0.3444066279466386 19
1694338666745 0.3380064861956361 20
1694338666801 0.3321992107894921 21
1694338666866 0.32692982574741863 22
1694338666915 0.32214845632379996 23
1694338666972 0.3178098554415363 24
1694338667027 0.3138729741054671 25
1694338667073 0.3103005717098919 26
1694338667126 0.3070588625339561 27
1694338667175 0.3041171950631567 28
1694338667221 0.3014477610876226 29
