1694343553569 93.6271258234952 0
1694343553716 91.79079536947125 1
1694343553884 89.99080644950693 2
1694343554024 88.22643739913678 3
1694343554169 86.4969713756285 4
1694343554308 84.80173583419824 5
1694343554486 83.14002141057732 6
1694343554629 81.51120277857233 7
1694343554823 79.91457772770568 8
1694343555012 78.34956631697393 9
1694343555166 76.81547318491457 10
1694343555340 75.31176200759741 11
1694343555671 73.83779857989855 12
1694343555923 72.3929297541035 13
1694343556117 70.97668943795304 14
1694343556290 69.58839030126629 15
1694343556602 68.22760553094827 16
1694343556790 66.89365390637285 17
1694343556996 65.58614634115143 18
1694343557184 64.30449357533456 19
1694343557348 63.04808895110441 20
1694343557498 61.816605165449275 21
1694343557680 60.609367408179416 22
1694343557834 59.42608227154613 23
1694343557997 58.266187674269304 24
1694343558165 57.12910523926407 25
1694343558352 56.01459784597417 26
1694343558499 54.92211677306459 27
1694343558633 53.85109773090999 28
1694343558781 52.80135670276876 29
