1694343130944 6.965200397828954e+88 0
1694343131156 1.41720387909319e+88 1
1694343131327 1.1805982974972136e+88 2
1694343131588 1.9289553175120737e+87 3
1694343132013 2.044549319983535e+87 4
1694343132200 2.481055555050329e+86 5
1694343132339 3.637108466897796e+86 6
1694343132461 2.9735808012307555e+85 7
1694343132594 6.724048960256717e+85 8
1694343132735 3.764632322800503e+84 9
1694343132899 1.344783140961668e+85 10
1694343133045 1.1099795825448488e+84 11
1694343133192 3.35476778600713e+84 12
1694343133370 8.96268512069432e+83 13
1694343133539 1.3761934609226473e+84 14
1694343133661 8.676030861076439e+83 15
1694343133797 9.572036970544945e+83 16
1694343133947 8.42001360899304e+83 17
1694343134278 8.499390865661396e+83 18
1694343134571 8.16175547996245e+83 19
1694343134788 8.081989850519546e+83 20
1694343134926 7.920356973704697e+83 21
1694343135192 7.815083456268992e+83 22
1694343135409 7.695801917642672e+83 23
1694343135651 7.590619517767327e+83 24
1694343135831 7.484828604796051e+83 25
1694343135973 7.384045232118108e+83 26
1694343136125 7.285116388669939e+83 27
1694343136282 7.18909448039067e+83 28
1694343136433 7.095242952171181e+83 29
