1694346026508 55.422750258913766 0
1694346026733 54.48860950828896 1
1694346026948 53.573533973721055 2
1694346027104 52.677107092685794 3
1694346027311 51.798921792403654 4
1694346027519 50.93858026848377 5
1694346027680 50.09569376879864 6
1694346027888 49.26988238246491 7
1694346028087 48.46077483380885 8
1694346028278 47.668008281197764 9
1694346028469 46.89122812062174 10
1694346028644 46.13008779391253 11
1694346028837 45.384248601489396 12
1694346029063 44.65337951952417 13
1694346029358 43.937157021420425 14
1694346029626 43.235264903504266 15
1694346029946 42.547394114826346 16
1694346030240 41.87324259097774 17
1694346030473 41.21251509182386 18
1694346030754 40.56492304306359 19
1694346030911 39.93018438152248 20
1694346031102 39.30802340409162 21
1694346031256 38.69817062022501 22
1694346031454 38.10036260791144 23
1694346031643 37.51434187303807 24
1694346031792 36.939856712065094 25
1694346031947 36.37666107793299 26
1694346032092 35.82451444912562 27
1694346032293 35.283181701814 28
1694346032501 34.75243298500792 29
