1694345094860 168.90542587634874 0
1694345095026 168.8885484478344 1
1694345095180 168.87169458922202 2
1694345095338 168.85484241453855 3
1694345095507 168.83799192483846 4
1694345095679 168.82114311995326 5
1694345095856 168.80429599971438 6
1694345096194 168.78745056395334 7
1694345096504 168.77060681250174 8
1694345096721 168.75376474519106 9
1694345096909 168.73692436185289 10
1694345097283 168.7200856623188 11
1694345097527 168.70324864642043 12
1694345097720 168.68641331398945 13
1694345097870 168.66957966485734 14
1694345098025 168.6527476988559 15
1694345098225 168.63591741581675 16
1694345098403 168.6190888155715 17
1694345098543 168.60226189795202 18
1694345098690 168.58543666278987 19
1694345098841 168.56861310991687 20
1694345099052 168.55179123916474 21
1694345099204 168.53497105036533 22
1694345099351 168.5181525433503 23
1694345099506 168.50133571795158 24
1694345099698 168.4845205740009 25
1694345099955 168.46770711133016 26
1694345100197 168.45089532977113 27
1694345100379 168.43408522915584 28
1694345100572 168.41727680931598 29
