1694344363876 169.45704940366747 0
1694344364042 166.06573533966 1
1694344364196 164.4676995340481 2
1694344364343 162.8510938972731 3
1694344364545 161.2528545163984 4
1694344364724 159.6692932061019 5
1694344364903 158.1013861816846 6
1694344365195 156.548973377673 7
1694344365497 155.01190135174977 8
1694344365732 153.49001815924058 9
1694344365968 151.98317336248002 10
1694344366182 150.49121801572906 11
1694344366355 149.01400465036807 12
1694344366516 147.55138726023637 13
1694344366686 146.10322128711732 14
1694344366847 144.6693636063672 15
1694344367044 143.24967251268754 16
1694344367226 141.8442462464004 17
1694344367432 140.4523499308596 18
1694344367714 139.0745613121822 19
1694344367964 137.71002767832158 20
1694344368234 136.35933250214651 21
1694344368451 135.02186558519816 22
1694344368675 133.6976123054494 23
1694344369035 132.38644230778232 24
1694344369308 131.08797522834024 25
1694344369516 129.8027057155624 26
1694344369679 128.530012042303 27
1694344369853 127.26989051864106 28
1694344370027 126.02221710519393 29
