1694346299152 169.089027582395 0
1694346299364 165.73195717333064 1
1694346299582 164.10593817375772 2
1694346299756 162.48747482436303 3
1694346300013 160.88668598494067 4
1694346300360 159.30330995895713 5
1694346300666 157.73714971664424 6
1694346300906 156.18801014378968 7
1694346301124 154.6556983915571 8
1694346301322 153.1400238476455 9
1694346301521 151.64079811004 10
1694346301754 150.1578349610588 11
1694346301936 148.69095034170718 12
1694346302144 147.2399623263348 13
1694346302339 145.80469109759213 14
1694346302509 144.3849589216831 15
1694346302691 142.98059012391013 16
1694346303099 141.59141106450812 17
1694346303449 140.21725011476414 18
1694346303875 138.85793763341883 19
1694346304229 137.51330594334726 20
1694346304481 136.18318930851498 21
1694346304642 134.86742391120612 22
1694346304823 133.5658478295209 23
1694346305008 132.2783010151387 24
1694346305199 131.00462527134397 25
1694346305523 129.74466423131156 26
1694346305713 128.49826333664856 27
1694346305894 127.2652698161898 28
1694346306058 126.0455326650434 29
