1694345691888 169.08902758239503 0
1694345692058 165.73195717333064 1
1694345692234 162.4482792272323 2
1694345692406 159.23632318611757 3
1694345692599 156.09445738466366 4
1694345692762 153.0210881337396 5
1694345692925 150.01465882567234 6
1694345693262 147.07364906072937 7
1694345693522 144.19657379431263 8
1694345693741 141.38198250437173 9
1694345693905 138.62845837855426 10
1694345694115 135.93461752062532 11
1694345694276 133.29910817569566 12
1694345694413 130.72060997381323 13
1694345694579 128.19783319147962 14
1694345694752 125.72951803066594 15
1694345694907 123.31443391491177 16
1694345695059 120.95137880210065 17
1694345695222 118.63917851351546 18
1694345695370 116.37668607878707 19
1694345695522 114.16278109635772 20
1694345695781 111.99636910909037 21
1694345696039 109.87638099466417 22
1694345696225 107.8017723704041 23
1694345696396 105.77152301220175 24
1694345696696 103.78463628719248 25
1694345696920 101.84013859986156 26
1694345697131 99.93707885126015 27
1694345697289 98.07452791101987 28
1694345697481 96.25157810186123 29
