1694340991577 0.7623584543492823 0
1694340991668 0.690194335984158 1
1694340991754 0.6305981829887127 2
1694340991825 0.5812942534928426 3
1694340991902 0.5404281033516926 4
1694340991987 0.5064876396011944 5
1694340992070 0.47823906491509927 6
1694340992158 0.45467489444794335 7
1694340992245 0.4349717609600676 8
1694340992325 0.41845615716918294 9
1694340992401 0.4045766151284659 10
1694340992502 0.3928811067031563 11
1694340992592 0.38299867955017974 12
1694340992739 0.3746245296406008 13
1694340992942 0.367507862599288 14
1694340993093 0.3614420186907875 15
1694340993231 0.3562564355991989 16
1694340993341 0.3518101036430632 17
1694340993430 0.34798623330651973 18
1694340993547 0.3446879078495526 19
1694340993750 0.34183453662756136 20
1694340993933 0.33935895950337414 21
1694340994036 0.33720508091190654 22
1694340994128 0.33532593498581637 23
1694340994211 0.33368210167975293 24
1694340994321 0.3322404088596072 25
1694340994419 0.3309728675146309 26
1694340994502 0.32985579714174984 27
1694340994578 0.32886910637821737 28
1694340994647 0.3279957004737882 29
