1694344436996 169.26467831718512 0
1694344437169 169.24789279430033 1
1694344437368 169.23113024451519 2
1694344437594 169.21436936296635 3
1694344437746 169.1976101506855 4
1694344437894 169.18085260750593 5
1694344438192 169.16409673326098 6
1694344438414 169.1473425277842 7
1694344438650 169.13058999090893 8
1694344438856 169.11383912246873 9
1694344439049 169.09708992229702 10
1694344439382 169.08034239022732 11
1694344439613 169.06359652609322 12
1694344439805 169.04685232972807 13
1694344439987 169.0301098009656 14
1694344440203 169.01336893963926 15
1694344440395 168.99662974558274 16
1694344440564 168.9798922186295 17
1694344440732 168.96315635861325 18
1694344440870 168.9464221653676 19
1694344441027 168.92968963872622 20
1694344441175 168.91295877852275 21
1694344441331 168.89622958459086 22
1694344441472 168.87950205676427 23
1694344441642 168.8627761948767 24
1694344441918 168.84605199876182 25
1694344442206 168.82932946825352 26
1694344442385 168.81260860318542 27
1694344442685 168.79588940339133 28
1694344442987 168.77917186870513 29
