1694338531840 8.396579560820822e+107 0
1694338531901 2.584982073497556e+111 1
1694338531960 7.958161351566936e+114 2
1694338532019 2.4500104952205895e+118 3
1694338532075 7.542635995322254e+121 4
1694338532124 2.322086287749088e+125 5
1694338532185 7.148806771394465e+128 6
1694338532241 2.2008414814022453e+132 7
1694338532293 6.775540843602943e+135 8
1694338532337 2.0859273196759983e+139 9
1694338532379 6.421764525379169e+142 10
1694338532444 1.9770132559471955e+146 11
1694338532516 6.086460191344574e+149 12
1694338532565 1.8737860026676437e+153 13
1694338532618 5.768663350145952e+156 14
1694338532676 1.775948630203303e+160 15
1694338532738 5.467459870129507e+163 16
1694338532789 1.6832197127264052e+167 17
1694338532840 5.181983349872565e+170 18
1694338532887 1.5953325187037772e+174 19
1694338532944 4.911412626009922e+177 20
1694338533000 1.5120342436527904e+181 21
1694338533052 4.6549694111855424e+184 22
1694338533108 1.43308528295798e+188 23
1694338533165 4.411916055335974e+191 24
1694338533223 1.3582585426566141e+195 25
1694338533278 4.1815534238653596e+198 26
1694338533328 1.2873387862107927e+202 27
1694338533379 3.9632188866087733e+205 28
1694338533426 1.2201220153869151e+209 29
