1694339162363 0.3338632638476716 0
1694339162491 0.3328675771313254 1
1694339162714 0.3319751910879761 2
1694339162878 0.3311747026671294 3
1694339163046 0.33045609330943615 4
1694339163185 0.32981054057018927 5
1694339163309 0.3292302583696793 6
1694339163423 0.3287083611064838 7
1694339163623 0.32823874771831546 8
1694339163742 0.32781600246460113 9
1694339163837 0.3274353097665087 10
1694339163921 0.32709238089849807 11
1694339164031 0.32678339070035956 12
1694339164125 0.3265049227860692 13
1694339164229 0.326253921978284 14
1694339164301 0.32602765290521085 15
1694339164374 0.3258236638681535 16
1694339164446 0.32563975522994476 17
1694339164516 0.3254739516920938 18
1694339164596 0.32532447792621283 19
1694339164670 0.325189737106675 20
1694339164766 0.32506829195939446 21
1694339164844 0.324958847998479 22
1694339164939 0.3248602386701779 23
1694339165019 0.3247714121636678 24
1694339165119 0.3246914196820113 25
1694339165230 0.32461940499520053 26
1694339165380 0.3245545951214147 27
1694339165586 0.3244962920031798 28
1694339165740 0.3244438650626498 29
