1694343224346 7.201938661776168e+88 0
1694343224550 1.4653728285609379e+88 1
1694343224772 1.2207253254942333e+88 2
1694343225013 1.994518044643614e+87 3
1694343225504 2.1140409395955394e+87 4
1694343225758 2.565383463984874e+86 5
1694343225976 3.7607291375262314e+86 6
1694343226130 3.0746490141150968e+85 7
1694343226306 6.952590794895588e+85 8
1694343226458 3.8925873663879105e+84 9
1694343226617 1.390490602052953e+85 10
1694343226761 1.1477063706312985e+84 11
1694343226891 3.4687920575633385e+84 12
1694343227012 9.267315338719425e+83 13
1694343227186 1.4229685186648407e+84 14
1694343227353 8.970918066998669e+83 15
1694343227494 9.897378279540476e+83 16
1694343227775 8.706199115561774e+83 17
1694343228062 8.788274303785178e+83 18
1694343228264 8.439163122632822e+83 19
1694343228429 8.356686361340379e+83 20
1694343228645 8.189559789517721e+83 21
1694343228868 8.080708159704213e+83 22
1694343229073 7.957372393954124e+83 23
1694343229261 7.848614978670455e+83 24
1694343229413 7.739228367708061e+83 25
1694343229566 7.635019496936772e+83 26
1694343229700 7.532728188474742e+83 27
1694343229837 7.433442618194586e+83 28
1694343229981 7.336401196419935e+83 29
