1694338683034 169.089027582395 0
1694338683084 137.03598120269328 1
1694338683131 111.61786010116472 2
1694338683184 91.4093545634611 3
1694338683254 75.29814058154687 4
1694338683306 62.415288618018444 5
1694338683359 52.08125351745762 6
1694338683413 43.763943481847136 7
1694338683470 37.046154921411905 8
1694338683533 31.60027093400987 9
1694338683589 27.168594334586135 10
1694338683643 23.548052651464932 11
1694338683702 20.578296402717143 12
1694338683752 18.1324319003203 13
1694338683799 16.109800230641778 14
1694338683850 14.43034609776674 15
1694338683894 13.030222540687166 16
1694338683943 11.858356843746508 17
1694338683998 10.873764438256813 18
1694338684052 10.043445258218231 19
1694338684113 9.340733975120537 20
1694338684169 8.744004205086059 21
1694338684220 8.235649022240636 22
1694338684281 7.801277370743417 23
1694338684365 7.42907936425988 24
1694338684591 7.1093238634913245 25
1694338684687 6.833959801990516 26
1694338684795 6.596299008897528 27
1694338684893 6.390763158212267 28
1694338684974 6.212681270770739 29
