1694342354559 169.089027582395 0
1694342354719 167.62677553512307 1
1694342354857 166.4720204718081 2
1694342354986 165.36891502218785 3
1694342355122 164.28604079957282 4
1694342355262 163.2193291707677 5
1694342355405 162.1680482174758 6
1694342355556 161.13187680905332 7
1694342355759 160.11054801868372 8
1694342356026 159.1038056005131 9
1694342356226 158.11139861281356 10
1694342356438 157.13308069036103 11
1694342356569 156.16860988461212 12
1694342356691 155.21774857435906 13
1694342356821 154.28026338624207 14
1694342356964 153.35592511771208 15
1694342357087 152.4445086615165 16
1694342357232 151.5457929315736 17
1694342357352 150.65956079019725 18
1694342357463 149.78559897664536 19
1694342357605 148.92369803696832 20
1694342357738 148.073652255133 21
1694342357853 147.23525958539977 22
1694342357970 146.408321585929 23
1694342358098 145.59264335359526 24
1694342358215 144.78803345998693 25
1694342358523 143.99430388856925 26
1694342358733 143.2112699729906 27
1694342358930 142.43875033651005 28
1694342359102 141.67656683252616 29
