1694343872996 159.98588230647587 0
1694343873248 159.66942907460452 1
1694343873503 159.35360566807427 2
1694343873770 159.03841083057426 3
1694343874148 158.72384330830235 4
1694343874384 158.4099018499604 5
1694343874645 158.09658520674913 6
1694343875047 157.7838921323632 7
1694343875332 157.47182138298618 8
1694343875585 157.1603717172855 9
1694343875828 156.84954189640766 10
1694343876201 156.53933068397316 11
1694343876456 156.22973684607152 12
1694343876730 155.92075915125656 13
1694343876968 155.61239637054112 14
1694343877233 155.30464727739252 15
1694343877492 154.99751064772738 16
1694343877747 154.69098525990685 17
1694343877959 154.38506989473174 18
1694343878228 154.0797633354376 19
1694343878465 153.77506436768982 20
1694343878875 153.47097177957883 21
1694343879131 153.16748436161535 22
1694343879409 152.86460090672523 23
1694343879647 152.562320210245 24
1694343880034 152.26064106991691 25
1694343880269 151.959562285884 26
1694343880479 151.65908266068547 27
1694343880720 151.35920099925175 28
1694343881009 151.05991610889996 29
