1694344508841 150.22681356071092 0
1694344509008 149.92676296234663 1
1694344509228 149.6273131155894 2
1694344509414 149.32846281692332 3
1694344509578 149.0302108652452 4
1694344509733 148.73255606185984 5
1694344509928 148.435497210475 6
1694344510385 148.1390331171967 7
1694344510646 147.84316259052434 8
1694344510874 147.547884441346 9
1694344511039 147.25319748293356 10
1694344511316 146.95910053093795 11
1694344511546 146.66559240338435 12
1694344511770 146.37267192066741 13
1694344511970 146.0803379055466 14
1694344512147 145.78858918314137 15
1694344512319 145.49742458092646 16
1694344512477 145.20684292872704 17
1694344512616 144.9168430587143 18
1694344512755 144.6274238054004 19
1694344512911 144.33858400563398 20
1694344513079 144.05032249859534 21
1694344513252 143.76263812579205 22
1694344513437 143.47552973105377 23
1694344513583 143.18899616052815 24
1694344513766 142.90303626267576 25
1694344513960 142.61764888826568 26
1694344514252 142.33283289037078 27
1694344514476 142.0485871243631 28
1694344514683 141.76491044790927 29
