1694346044286 169.45166658683317 0
1694346044428 169.1136464429729 1
1694346044580 168.77636930935122 2
1694346044755 168.43983348505807 3
1694346044931 168.10403727316623 4
1694346045152 167.76897898072144 5
1694346045322 167.43465691873342 6
1694346045633 167.10106940216625 7
1694346045879 166.76821474992911 8
1694346046098 166.43609128486676 9
1694346046258 166.1046973337505 10
1694346046421 165.77403122726852 11
1694346046551 165.44409130001682 12
1694346046718 165.1148758904901 13
1694346046943 164.78638334107214 14
1694346047129 164.4586119980269 15
1694346047311 164.1315602114892 16
1694346047448 163.80522633545544 17
1694346047596 163.47960872777483 18
1694346047769 163.15470575013984 19
1694346048001 162.83051576807722 20
1694346048322 162.50703715093908 21
1694346048541 162.1842682718937 22
1694346048809 161.8622075079164 23
1694346049164 161.5408532397806 24
1694346049368 161.22020385204902 25
1694346049543 160.90025773306434 26
1694346049694 160.58101327494046 27
1694346049908 160.26246887355356 28
1694346050108 159.94462292853322 29
