1694344253230 168.6741016213706 0
1694344253497 168.65736413280675 1
1694344253714 168.64063799815062 2
1694344253951 168.62391353133646 3
1694344254143 168.6071907329127 4
1694344254282 168.59046960271252 5
1694344254443 168.573750140569 6
1694344254582 168.55703234631542 7
1694344254749 168.54031621978493 8
1694344254878 168.52360176081072 9
1694344254996 168.50688896922605 10
1694344255110 168.49017784486418 11
1694344255259 168.47346838755834 12
1694344255458 168.45676059714182 13
1694344255620 168.44005447344793 14
1694344255763 168.42335001630997 15
1694344255915 168.40664722556127 16
1694344256074 168.3899461010352 17
1694344256487 168.37324664256508 18
1694344256711 168.35654884998434 19
1694344256948 168.33985272312637 20
1694344257189 168.32315826182457 21
1694344257400 168.30646546591234 22
1694344257555 168.28977433522311 23
1694344257687 168.27308486959046 24
1694344257822 168.25639706884778 25
1694344257977 168.23971093282861 26
1694344258131 168.22302646136643 27
1694344258279 168.20634365429476 28
1694344258416 168.18966251144718 29
