1694345376454 169.2546714974238 0
1694345376619 169.23776037311157 1
1694345376798 169.22087223487648 2
1694345377044 169.20398578399167 3
1694345377234 169.18710102148628 4
1694345377441 169.17021794719133 5
1694345377589 169.15333656093807 6
1694345377858 169.13645686255757 7
1694345378182 169.1195788518811 8
1694345378402 169.10270252873988 9
1694345378595 169.08582789296509 10
1694345378934 169.06895494438803 11
1694345379200 169.05208368283988 12
1694345379420 169.03521410815205 13
1694345379585 169.0183462201557 14
1694345379764 169.00148001868226 15
1694345379979 168.98461550356302 16
1694345380196 168.9677526746293 17
1694345380378 168.95089153171253 18
1694345380527 168.93403207464405 19
1694345380723 168.91717430325522 20
1694345380933 168.90031821737753 21
1694345381104 168.88346381684238 22
1694345381356 168.86661110148125 23
1694345381845 168.84976007112556 24
1694345382194 168.83291072560678 25
1694345382512 168.81606306475652 26
1694345382772 168.79921708840618 27
1694345382989 168.78237279638736 28
1694345383157 168.76553018853159 29
