1694339204171 9.070460988240349 0
1694339204305 8.283061667071781 1
1694339204410 7.5720862795450925 2
1694339204519 6.925544539678958 3
1694339204622 6.337782021544775 4
1694339204712 5.80338869249948 5
1694339204813 5.317468220905865 6
1694339204944 4.875575245011395 7
1694339205067 4.473674434229048 8
1694339205196 4.108102520166299 9
1694339205334 3.775533887636947 10
1694339205450 3.472949351143878 11
1694339205553 3.197607823731929 12
1694339205652 2.947020609915428 13
1694339205781 2.7189280793982036 14
1694339205918 2.5112785008670917 15
1694339206101 2.3222088356154926 16
1694339206353 2.150027309328487 17
1694339206559 1.993197597212212 18
1694339206732 1.8503244729374566 19
1694339206849 1.7201407857361954 20
1694339206975 1.601495642571546 21
1694339207216 1.4933436837160168 22
1694339207416 1.3947353504281583 23
1694339207563 1.3048080528122041 24
1694339207691 1.2227781544681768 25
1694339207802 1.1479336982721402 26
1694339207909 1.0796278046411034 27
1694339208034 1.017272680001255 28
1694339208164 0.9603341789519036 29
