1694338673860 6.108034884144488 0
1694338673918 5.965980996272818 1
1694338673970 5.842466028274742 2
1694338674028 5.734928315367755 3
1694338674090 5.641189697510931 4
1694338674144 5.559392309118274 5
1694338674202 5.487946837088552 6
1694338674256 5.425489993699456 7
1694338674317 5.370849419530317 8
1694338674364 5.32301459917622 9
1694338674419 5.281112661338828 10
1694338674476 5.244388162211488 11
1694338674534 5.212186130359993 12
1694338674594 5.183937792993985 13
1694338674648 5.159148515770714 14
1694338674697 5.137387577418008 15
1694338674756 5.11827947145515 16
1694338674816 5.101496483991972 17
1694338674867 5.0867523420162986 18
1694338674911 5.073796763100479 19
1694338674966 5.06241076691854 20
1694338675012 5.052402632819423 21
1694338675054 5.043604407088832 22
1694338675102 5.035868879351585 23
1694338675153 5.02906696052592 24
1694338675204 5.023085405402007 25
1694338675255 5.017824831722072 26
1694338675306 5.013197994942552 27
1694338675357 5.009128283940017 28
1694338675406 5.005548408007089 29
