1694344937931 169.45389704332032 0
1694344938078 166.08958802060812 1
1694344938278 162.79220228835965 2
1694344938419 159.56040831196955 3
1694344938585 156.39290105593471 4
1694344938751 153.28840145634243 5
1694344939017 150.24565590386254 6
1694344939364 147.26343573703565 7
1694344939643 144.34053674565124 8
1694344939841 141.47577868401527 9
1694344940042 138.66800479391028 10
1694344940199 135.9160813370546 11
1694344940358 133.21889713687142 12
1694344940496 130.57536312938245 13
1694344940677 127.98441192304465 14
1694344940832 125.44499736735105 15
1694344940975 122.95609413002217 16
1694344941152 120.5166972826157 17
1694344941329 118.12582189438795 18
1694344941512 115.78250263424185 19
1694344941831 113.48579338060065 20
1694344942128 111.23476683904977 21
1694344942351 109.02851416759134 22
1694344942662 106.86614460936079 23
1694344942946 104.74678513265582 24
1694344943141 102.6695800781328 25
1694344943321 100.63369081302767 26
1694344943477 98.63829539226124 27
1694344943667 96.68258822629195 28
1694344943830 94.76577975558162 29
