1694346661746 159.71695785136416 0
1694346661918 159.55835666075373 1
1694346662161 159.40001882709137 2
1694346662323 159.2418547035796 3
1694346662509 159.08386416687586 4
1694346662719 158.92604701821463 5
1694346662953 158.76840305912322 6
1694346663526 158.61093209136166 7
1694346663878 158.4536339169221 8
1694346664127 158.2965083380289 9
1694346664317 158.13955515713826 10
1694346664484 157.9827741769378 11
1694346664690 157.82616520034642 12
1694346664836 157.66972803051408 13
1694346664992 157.51346247082125 14
1694346665169 157.35736832487905 15
1694346665339 157.20144539652856 16
1694346665541 157.0456934898408 17
1694346665691 156.89011240911648 18
1694346665843 156.73470195888552 19
1694346666031 156.579461943907 20
1694346666217 156.42439216916873 21
1694346666437 156.26949243988696 22
1694346666624 156.11476256150632 23
1694346667011 155.96020233969944 24
1694346667269 155.8058115803665 25
1694346667591 155.65159008963514 26
1694346667905 155.49753767386036 27
1694346668173 155.34365413962385 28
1694346668370 155.18993929373391 29
