1694344443561 168.68071204371702 0
1694344443769 168.6639738843228 1
1694344443906 168.64724708720624 2
1694344444039 168.63052195799756 3
1694344444223 168.61379849724557 4
1694344444426 168.59707670478335 5
1694344444581 168.58035658044406 6
1694344444717 168.56363812406096 7
1694344444849 168.54692133546718 8
1694344445046 168.5302062144959 9
1694344445223 168.51349276098037 10
1694344445494 168.49678097475385 11
1694344445723 168.48007085564956 12
1694344445977 168.4633624035008 13
1694344446243 168.44665561814088 14
1694344446582 168.42995049940308 15
1694344446795 168.41324704712065 16
1694344447051 168.39654526112705 17
1694344447268 168.37984514125557 18
1694344447459 168.36314668733968 19
1694344447633 168.34644989921264 20
1694344447794 168.3297547767079 21
1694344447959 168.3130613196589 22
1694344448111 168.2963695278991 23
1694344448260 168.27967940126192 24
1694344448438 168.26299093958082 25
1694344448638 168.24630414268935 26
1694344448834 168.229619010421 27
1694344449151 168.21293554260927 28
1694344449412 168.1962537390877 29
