1694343063957 170.4921042553761 0
1694343064086 168.54455826496215 1
1694343064227 168.05644587116748 2
1694343064375 167.3818556278454 3
1694343064526 166.81401877389 4
1694343064651 166.23847076111392 5
1694343064812 165.68310318964623 6
1694343064982 165.13367795580425 7
1694343065388 164.59181809953134 8
1694343065599 164.05520048822112 9
1694343065759 163.52349861840648 10
1694343065893 162.99615788071452 11
1694343066047 162.47294849399825 12
1694343066197 161.95368405745046 13
1694343066326 161.43825285603214 14
1694343066447 160.92657182412168 15
1694343066592 160.4185802128401 16
1694343066726 159.91422897464838 17
1694343066852 159.41347667907067 18
1694343066967 158.91628635751482 19
1694343067103 158.42262386220168 20
1694343067236 157.93245681247453 21
1694343067361 157.4457539922642 22
1694343067506 156.9624849826834 23
1694343067659 156.48261994523907 24
1694343067895 156.00612949110422 25
1694343068094 155.5329846027167 26
1694343068277 155.06315658613002 27
1694343068468 154.59661704177972 28
1694343068642 154.13333784617032 29
