1694336585808 6.108034884144488 0
1694336585870 5.965980996272818 1
1694336585909 5.842466028274741 2
1694336585969 5.734928315367754 3
1694336586035 5.64118969751093 4
1694336586081 5.559392309118275 5
1694336586112 5.487946837088551 6
1694336586159 5.425489993699456 7
1694336586207 5.370849419530316 8
1694336586254 5.323014599176221 9
1694336586306 5.281112661338828 10
1694336586353 5.2443881622114885 11
1694336586384 5.212186130359994 12
1694336586439 5.1839377929939845 13
1694336586490 5.159148515770715 14
1694336586556 5.137387577418008 15
1694336586620 5.11827947145515 16
1694336586672 5.101496483991964 17
1694336586719 5.086752342016291 18
1694336586759 5.0737967631004715 19
1694336586825 5.062410766918533 20
1694336586884 5.052402632819416 21
1694336586940 5.043604407088832 22
1694336586991 5.035868879351584 23
1694336587050 5.02906696052592 24
1694336587098 5.023085405402007 25
1694336587145 5.017824831722072 26
1694336587191 5.013197994942552 27
1694336587242 5.009128283940017 28
1694336587292 5.005548408007088 29
