1694338566905 1.6245031681252859e+212 0
1694338566970 1.194692823891788e+214 1
1694338567040 8.836940633438642e+215 2
1694338567130 6.53424940277605e+217 3
1694338567264 4.831687066713081e+219 4
1694338567357 3.57273922926563e+221 5
1694338567472 2.6418239540277525e+223 6
1694338567553 1.9534685633730373e+225 7
1694338567629 1.4444715074327218e+227 8
1694338567691 1.0680990597275466e+229 9
1694338567754 7.897944649803395e+230 10
1694338567824 5.840050988085805e+232 11
1694338567892 4.318363454761748e+234 12
1694338567961 3.1931678277237506e+236 13
1694338568050 2.3611539146309622e+238 14
1694338568221 1.7459300949274826e+240 15
1694338568391 1.2910093990420439e+242 16
1694338568516 9.546231394127672e+243 17
1694338568596 7.058859052292622e+245 18
1694338568699 5.2195980867156674e+247 19
1694338568770 3.85957617017403e+249 20
1694338568851 2.8539224602920447e+251 21
1694338568927 2.1103025436578416e+253 22
1694338568999 1.5604407224550254e+255 23
1694338569070 1.1538512596754758e+257 24
1694338569141 8.532030152097319e+258 25
1694338569214 6.30891875411843e+260 26
1694338569295 4.66506272675127e+262 27
1694338569378 3.449530908971902e+264 28
1694338569444 2.5507188625176576e+266 29
