1694339116357 3.2287585107197716e+108 0
1694339116440 1.0121442694083482e+112 1
1694339116517 3.1729155551131643e+115 2
1694339116612 9.94659705256816e+118 3
1694339116711 3.118103566799971e+122 4
1694339116808 9.774770006019794e+125 5
1694339116895 3.064238458527358e+129 6
1694339116997 9.605911264342298e+132 7
1694339117113 3.0113038677402337e+136 8
1694339117312 9.439969550341372e+139 9
1694339117480 2.95928371978766e+143 10
1694339117626 9.276894472486476e+146 11
1694339117785 2.9081622177080576e+150 12
1694339117877 9.116636509758413e+153 13
1694339117997 2.857923837431664e+157 14
1694339118177 8.95914699661157e+160 15
1694339118328 2.808553323066424e+164 16
1694339118460 8.804378108195745e+167 17
1694339118585 2.7600356822651154e+171 18
1694339118689 8.652282845832667e+174 19
1694339118788 2.712356181672706e+178 20
1694339118881 8.502815022744616e+181 21
1694339118982 2.6655003424522808e+185 22
1694339119088 8.355929250028335e+188 23
1694339119182 2.619453935888189e+192 24
1694339119269 8.211580922872043e+195 25
1694339119356 2.5742029790652668e+199 26
1694339119452 8.06972620701012e+202 27
1694339119556 2.5297337306226006e+206 28
1694339119641 7.930322025412072e+209 29
