1694336566298 0.7623584543492823 0
1694336566383 0.6901943359841579 1
1694336566450 0.6305981829887126 2
1694336566504 0.5812942534928426 3
1694336566560 0.5404281033516926 4
1694336566593 0.5064876396011944 5
1694336566624 0.4782390649150993 6
1694336566677 0.45467489444794335 7
1694336566711 0.43497176096006646 8
1694336566773 0.41845615716918194 9
1694336566813 0.4045766151284649 10
1694336566871 0.3928811067031553 11
1694336566915 0.38299867955017886 12
1694336566962 0.37462452964059995 13
1694336567014 0.3675078625992872 14
1694336567061 0.3614420186907867 15
1694336567136 0.35625643559919823 16
1694336567172 0.3518101036430624 17
1694336567227 0.3479862333065198 18
1694336567268 0.34468790784955256 19
1694336567315 0.34183453662756125 20
1694336567367 0.33935895950337414 21
1694336567421 0.33720508091190654 22
1694336567465 0.33532593498581637 23
1694336567578 0.33368210167975293 24
1694336567638 0.3322404088596072 25
1694336567679 0.3309728675146309 26
1694336567729 0.32985579714174984 27
1694336567780 0.32886910637821737 28
1694336567830 0.3279957004737882 29
