1694345002492 168.7716115658043 0
1694345002786 168.73792766242335 1
1694345003012 168.7042504949275 2
1694345003236 168.67058006196936 3
1694345003452 168.6369163622019 4
1694345003759 168.60325939427835 5
1694345004032 168.5696091568522 6
1694345004265 168.53596564857713 7
1694345004448 168.50232886810718 8
1694345004611 168.46869881409665 9
1694345004765 168.43507548520006 10
1694345004908 168.4014588800723 11
1694345005088 168.36784899736833 12
1694345005280 168.33424583574364 13
1694345005449 168.30064939385377 14
1694345005608 168.2670596703547 15
1694345005745 168.2334766639025 16
1694345005915 168.1999003731537 17
1694345006114 168.16633079676495 18
1694345006411 168.13276793339318 19
1694345006656 168.09921178169574 20
1694345006896 168.06566234033002 21
1694345007083 168.03211960795392 22
1694345007480 167.99858358322535 23
1694345007774 167.96505426480272 24
1694345007979 167.93153165134464 25
1694345008188 167.89801574150988 26
1694345008356 167.86450653395755 27
1694345008515 167.83100402734712 28
1694345008658 167.79750822033824 29
