1694338651336 8.550527645078262 0
1694338651412 7.779289524599206 1
1694338651496 7.084023790075896 2
1694338651572 6.45297686931636 3
1694338651637 5.880437453982431 4
1694338651688 5.3609677142541265 5
1694338651745 4.889647283020247 6
1694338651802 4.462011487705102 7
1694338651857 4.07400977638094 8
1694338651916 3.7219672673577375 9
1694338651976 3.4025499031062036 10
1694338652038 3.1127328351379075 11
1694338652113 2.8497717420168605 12
1694338652197 2.6111768082528113 13
1694338652268 2.394689117194636 14
1694338652348 2.198259233946777 15
1694338652419 2.0200277751157505 16
1694338652484 1.8583077810487074 17
1694338652618 1.7115687233311596 18
1694338652703 1.5784219958285155 19
1694338652765 1.4576077516336134 20
1694338652833 1.347982961053528 21
1694338652901 1.2485105773548872 22
1694338652969 1.1582497074975862 23
1694338653080 1.076346694622351 24
1694338653223 1.0020270277079972 25
1694338653324 0.9345880016621319 26
1694338653407 0.8733920582286568 27
1694338653496 0.8178607445543769 28
1694338653600 0.7674692321166694 29
