1694345276125 169.089027582395 0
1694345276313 169.05528993595618 1
1694345276508 169.0384257495184 2
1694345276653 169.0215624055496 3
1694345276819 169.0047007471507 4
1694345277000 168.98784077411116 5
1694345277235 168.97098248626244 6
1694345277564 168.95412588343612 7
1694345277831 168.93727096546365 8
1694345278025 168.92041773217667 9
1694345278200 168.9035661834067 10
1694345278354 168.8867163189854 11
1694345278502 168.86986813874435 12
1694345278687 168.85302164251516 13
1694345278831 168.83617683012946 14
1694345278984 168.819333701419 15
1694345279152 168.80249225621534 16
1694345279327 168.78565249435027 17
1694345279505 168.76881441565544 18
1694345279635 168.75197801996262 19
1694345279823 168.73514330710353 20
1694345280198 168.71831027690993 21
1694345280398 168.70147892921364 22
1694345280565 168.68464926384644 23
1694345280809 168.66782128064003 24
1694345281063 168.65099497942646 25
1694345281285 168.63417036003736 26
1694345281486 168.61734742230473 27
1694345281655 168.6005261660604 28
1694345281822 168.5837065911363 29
