1694345101186 168.32113235727246 0
1694345101357 168.30430223423042 1
1694345101490 168.28748354162602 2
1694345101625 168.27066653275168 3
1694345101809 168.25385120815338 4
1694345101942 168.23703756766233 5
1694345102104 168.22022561110967 6
1694345102312 168.20341533832678 7
1694345102499 168.1866067491448 8
1694345102678 168.16979984339505 9
1694345102843 168.15299462090888 10
1694345103003 168.13619108151758 11
1694345103165 168.11938922505246 12
1694345103500 168.10258905134486 13
1694345103726 168.0857905602262 14
1694345103942 168.0689937515278 15
1694345104128 168.05219862508113 16
1694345104428 168.0354051807175 17
1694345104621 168.01861341826847 18
1694345104805 168.0018233375654 19
1694345104993 167.98503493843987 20
1694345105151 167.96824822072318 21
1694345105299 167.951463184247 22
1694345105438 167.93467982884275 23
1694345105581 167.91789815434203 24
1694345105755 167.90111816057635 25
1694345105915 167.88433984737725 26
1694345106105 167.86756321457645 27
1694345106258 167.8507882620054 28
1694345106431 167.8340149894958 29
