1694341078250 169.08902758239503 0
1694341078352 137.0359812026933 1
1694341078452 125.39324586198728 2
1694341078573 113.85345080430793 3
1694341078693 103.43284502072173 4
1694341078793 93.96790731299426 5
1694341078884 85.37895111376854 6
1694341078997 77.58152814051972 7
1694341079107 70.50308915338735 8
1694341079231 64.07719239526405 9
1694341079364 58.243483036638274 10
1694341079595 52.94720785329498 11
1694341079843 48.13868424580913 12
1694341080049 43.77283112594477 13
1694341080211 39.808742193136744 14
1694341080333 36.209298893445855 15
1694341080437 32.94081928163605 16
1694341080542 29.97273946015853 17
1694341080643 27.277324570470753 18
1694341080752 24.829406593553497 19
1694341080855 22.6061464712288 20
1694341080958 20.58681829098401 21
1694341081056 18.752613486630597 22
1694341081146 17.086463197272394 23
1694341081249 15.572877099535608 24
1694341081366 14.197797184467717 25
1694341081459 12.948465092430483 26
1694341081556 11.813301748048602 27
1694341081650 10.781798154052764 28
1694341081762 9.844416308786704 29
