1694345468908 169.4443259144183 0
1694345469060 169.4105174429676 1
1694345469229 169.39361785379518 2
1694345469399 169.37671910886695 3
1694345469601 169.35982205306075 4
1694345469772 169.34292668616547 5
1694345470227 169.32603300801225 6
1694345470563 169.3091410184322 7
1694345470833 169.29225071725665 8
1694345471023 169.27536210431666 9
1694345471247 169.2584751794435 10
1694345471432 169.24158994246847 11
1694345471593 169.22470639322273 12
1694345471766 169.2078245315376 13
1694345471996 169.19094435724435 14
1694345472213 169.17406587017427 15
1694345472383 169.1571890701587 16
1694345472584 169.14031395702895 17
1694345472908 169.12344053061642 18
1694345473178 169.10656879075245 19
1694345473570 169.0896987372684 20
1694345473820 169.07283036999578 21
1694345474067 169.0559636887659 22
1694345474305 169.03909869341024 23
1694345474489 169.02223538376026 24
1694345474671 169.00537375964745 25
1694345474834 168.98851382090322 26
1694345475012 168.9716555673592 27
1694345475227 168.9547989988468 28
1694345475434 168.93794411519764 29
