1694342817754 153.33746446803988 0
1694342817913 152.8757110596804 1
1694342818047 152.4200152139811 2
1694342818217 151.96722248486248 3
1694342818336 151.5173246232602 4
1694342818514 151.07029783960775 5
1694342818646 150.62612009194785 6
1694342818804 150.18476914661846 7
1694342818997 149.74622308882186 8
1694342819228 149.31046016353076 9
1694342819406 148.87745881067792 10
1694342819584 148.44719764845973 11
1694342819895 148.01965547313523 12
1694342820196 147.59481125532272 13
1694342820419 147.1726441380149 14
1694342820621 146.7531334345724 15
1694342820899 146.3362586270187 16
1694342821121 145.92199936444163 17
1694342821353 145.5103354614892 18
1694342821558 145.10124689692353 19
1694342821722 144.69471381221564 20
1694342821891 144.29071651017102 21
1694342822068 143.8892354535774 22
1694342822228 143.49025126387147 23
1694342822406 143.09374471982096 24
1694342822555 142.69969675622045 25
1694342822694 142.30808846260027 26
1694342822833 141.91890108194642 27
1694342822971 141.53211600943268 28
1694342823106 141.14771479116317 29
