1694346377286 168.90550907050147 0
1694346377627 168.88863702335942 1
1694346377911 168.87178871444496 2
1694346378194 168.8549422568599 3
1694346378420 168.83809765183398 4
1694346378730 168.82125489915495 5
1694346378957 168.80441399861064 6
1694346379159 168.78757494998888 7
1694346379433 168.77073775307753 8
1694346379855 168.75390240766453 9
1694346380178 168.73706891353783 10
1694346380486 168.72023727048534 11
1694346380801 168.70340747829508 12
1694346381066 168.68657953675506 13
1694346381311 168.66975344565327 14
1694346381526 168.65292920477776 15
1694346381722 168.63610681391663 16
1694346381901 168.61928627285803 17
1694346382109 168.60246758139007 18
1694346382290 168.58565073930086 19
1694346382502 168.56883574637857 20
1694346382677 168.5520226024115 21
1694346382833 168.5352113071878 22
1694346383322 168.51840186049574 23
1694346383663 168.50159426212358 24
1694346384044 168.4847885118597 25
1694346384409 168.46798460949236 26
1694346384741 168.45118255480992 27
1694346384950 168.43438234760075 28
1694346385141 168.41758398765327 29
