1694338884908 0.5956037614729317 0
1694338884990 0.5344308813071856 1
1694338885072 0.48485770684226936 2
1694338885148 0.4446824957190011 3
1694338885235 0.4121216598423156 4
1694338885334 0.38573032278578623 5
1694338885435 0.36433797306756993 6
1694338885541 0.3469963443832964 7
1694338885661 0.3329371991536793 8
1694338885756 0.32153813337482956 9
1694338885882 0.3122948784480203 10
1694338886069 0.304798865368792 11
1694338886228 0.29871905129542886 12
1694338886365 0.29378719856024277 13
1694338886503 0.28978595011046127 14
1694338886628 0.2865391700342981 15
1694338886771 0.2839041188024298 16
1694338886988 0.2817651146391061 17
1694338887141 0.28002839867798474 18
1694338887291 0.27861797520970755 19
1694338887407 0.2774722417838818 20
1694338887518 0.2765412591254115 21
1694338887620 0.27578453933358976 22
1694338887714 0.275169253923258 23
1694338887795 0.27466878197027217 24
1694338887873 0.27426153377242873 25
1694338887948 0.2739299977073085 26
1694338888046 0.27365996790725877 27
1694338888146 0.27343991842203974 28
1694338888231 0.27326049606037967 29
