1694342385481 169.08902758239503 0
1694342385665 168.92803699876043 1
1694342385820 168.77319908384504 2
1694342385942 168.62375953164923 3
1694342386081 168.47905900555838 4
1694342386195 168.33852117697353 5
1694342386310 168.20164227048082 6
1694342386472 168.06798192581152 7
1694342386820 167.93715521074162 8
1694342387043 167.80882563997045 9
1694342387228 167.68269907327362 10
1694342387363 167.5585183821868 11
1694342387480 167.43605878842234 12
1694342387617 167.31512378941443 13
1694342387735 167.195541597043 14
1694342387860 167.07716202490255 15
1694342388001 166.95985376761968 16
1694342388136 166.8435020228425 17
1694342388251 166.72800641274074 18
1694342388372 166.6132791672939 19
1694342388477 166.49924353639506 20
1694342388589 166.3858324019505 21
1694342388701 166.27298706478595 22
1694342388814 166.16065618434249 23
1694342388931 166.04879485191805 24
1694342389052 165.9373637806342 25
1694342389228 165.82632859742725 26
1694342389478 165.71565922421289 27
1694342389682 165.60532933699335 28
1694342389847 165.49531589309055 29
