1694340796432 170.47980463228242 0
1694340796513 3872.2692771177362 1
1694340796600 15509164.911695872 2
1694340796685 63711585000.01345 3
1694340796773 261728264416312.25 4
1694340796869 1.0751841202220979e+18 5
1694340796963 4.416874482227194e+21 6
1694340797035 1.8144594795280117e+25 7
1694340797119 7.453830114703542e+28 8
1694340797198 3.062045970478987e+32 9
1694340797299 1.2578936440785139e+36 10
1694340797400 5.1674482848002645e+39 11
1694340797497 2.1227964623071516e+43 12
1694340797598 8.720483635295712e+46 13
1694340797886 3.5823893709907936e+50 14
1694340798031 1.4716515897633106e+54 15
1694340798219 6.045569527395868e+57 16
1694340798336 2.4835301483590775e+61 17
1694340798416 1.0202383695792648e+65 18
1694340798500 4.1911564127759697e+68 19
1694340798579 1.7217341162729524e+72 20
1694340798663 7.072912760072307e+75 21
1694340798734 2.905564479368358e+79 22
1694340798813 1.1936107838661952e+83 23
1694340798890 4.903373211911617e+86 24
1694340798974 2.0143139774102164e+90 25
1694340799064 8.274835759459424e+93 26
1694340799152 3.3993164727012186e+97 27
1694340799230 1.3964449346765923e+101 28
1694340799314 5.736619321102305e+104 29
