1694346420849 94.35627841301134 0
1694346421092 93.48568821101095 1
1694346421423 92.62466096437629 2
1694346421791 91.77273402674209 3
1694346422017 90.92980929255805 4
1694346422217 90.0957863134896 5
1694346422376 89.2705658271503 6
1694346422529 88.45404971342973 7
1694346422675 87.64614098135472 8
1694346422830 86.8467437558636 9
1694346423034 86.05576326473854 10
1694346423211 85.27310582569265 11
1694346423381 84.49867883360949 12
1694346423559 83.73239074793368 13
1694346423752 82.97415108021035 14
1694346424092 82.2238703817719 15
1694346424384 81.48146023157052 16
1694346424645 80.74683322415427 17
1694346424977 80.01990295778529 18
1694346425241 79.30058402269853 19
1694346425452 78.58879198949919 20
1694346425651 77.8844433976971 21
1694346425846 77.1874557443768 22
1694346426002 76.49774747300128 23
1694346426155 75.81523796234801 24
1694346426323 75.13984751557582 25
1694346426520 74.47149734942073 26
1694346426717 73.81010958351938 27
1694346426880 73.15560722985873 28
1694346427046 72.5079141823502 29
