1694340868305 169.089027582395 0
1694340868384 1647.0555026711233 1
1694340868464 6470061.006899067 2
1694340868545 26998198029.957584 3
1694340868617 112659614932306.52 4
1694340868700 4.7011244104867795e+17 5
1694340868780 1.961711899820108e+21 6
1694340868861 8.185942855095771e+24 7
1694340868952 3.4158767366930267e+28 8
1694340869043 1.425396449355511e+32 9
1694340869116 5.9479752767726405e+35 10
1694340869196 2.4820049123242036e+39 11
1694340869281 1.0357051094106205e+43 12
1694340869370 4.321849116143689e+46 13
1694340869468 1.8034457504357676e+50 14
1694340869744 7.52552087627464e+53 15
1694340869912 3.140292101692602e+57 16
1694340870027 1.3103989273410496e+61 17
1694340870114 5.468107084213713e+64 18
1694340870212 2.2817627869323116e+68 19
1694340870296 9.5214693780595e+71 20
1694340870381 3.9731728309588625e+75 21
1694340870460 1.6579481294185404e+79 22
1694340870540 6.918380137969166e+82 23
1694340870617 2.886940965410818e+86 24
1694340870693 1.2046791259743698e+90 25
1694340870779 5.026953491415991e+93 26
1694340870879 2.0976757096558995e+97 27
1694340870973 8.75330036451343e+100 28
1694340871072 3.6526269012267854e+104 29
