1694338834087 0.7626702008072314 0
1694338834157 0.6904751293672495 1
1694338834235 0.6308520972109298 2
1694338834322 0.5815247137061924 3
1694338834424 0.5406379996066217 4
1694338834510 0.5066794197257279 5
1694338834612 0.4784148104866567 6
1694338834719 0.4548363830027629 7
1694338834810 0.43512051699400955 8
1694338834899 0.41859349400428375 9
1694338834987 0.4047036693307394 10
1694338835065 0.3929988664216669 11
1694338835140 0.38310800789141014 12
1694338835259 0.37472618398436214 13
1694338835464 0.3676025105937439 14
1694338835636 0.36153025152719864 15
1694338835766 0.35633877905572997 16
1694338835862 0.35188702729659666 17
1694338835943 0.3480581582379488 18
1694338836145 0.3447552131082712 19
1694338836275 0.34189756467228444 20
1694338836414 0.3394180207968607 21
1694338836517 0.337260457814959 22
1694338836603 0.3353778850697034 23
1694338836705 0.3337308605548092 24
1694338836803 0.3322861926003313 25
1694338836892 0.33101587474736155 26
1694338836976 0.3298962108493728 27
1694338837059 0.32890709546685026 28
1694338837160 0.3280314211386032 29
