1694341141924 9.070178074369222 0
1694341142034 8.282804176168808 1
1694341142181 7.571851978354287 2
1694341142473 6.925331319087951 3
1694341142666 6.3375879680463 4
1694341142800 5.803212066447249 5
1694341142941 5.31730744093816 6
1694341143059 4.875428873666488 7
1694341143262 4.473541164871153 8
1694341143430 4.107981165093018 9
1694341143569 3.775423367262791 10
1694341143654 3.472848684163364 11
1694341143751 3.197516118174186 12
1694341143859 2.9469370550100846 13
1694341143962 2.718851938179512 14
1694341144060 2.5112091034496977 15
1694341144161 2.3221455730812353 16
1694341144264 2.149969628169034 17
1694341144370 1.993144994277245 18
1694341144466 1.850276490842659 19
1694341144572 1.7200970086893597 20
1694341144683 1.601455692578956 21
1694341144783 1.4933072171345394 22
1694341144890 1.3947020548316886 23
1694341144998 1.3047776441438954 24
1694341145113 1.2227503744524768 25
1694341145216 1.1479083120629923 26
1694341145306 1.0796045986848313 27
1694341145416 1.0172514600945606 28
1694341145513 0.9603147684772169 29
