1694339135537 0.7623584543492824 0
1694339135650 0.6901943359841578 1
1694339135768 0.6305981829887127 2
1694339135869 0.5812942534928426 3
1694339135986 0.5404281033516926 4
1694339136083 0.5064876396011943 5
1694339136371 0.4782390649150993 6
1694339136557 0.45467489444794335 7
1694339136721 0.4349717609600677 8
1694339136870 0.418456157169183 9
1694339137045 0.40457661512846593 10
1694339137201 0.39288110670315624 11
1694339137445 0.38299867955017974 12
1694339137622 0.3746245296406009 13
1694339137825 0.367507862599288 14
1694339137961 0.36144201869078757 15
1694339138083 0.3562564355991989 16
1694339138215 0.35181010364306314 17
1694339138375 0.34798623330651984 18
1694339138538 0.3446879078495526 19
1694339138688 0.34183453662756136 20
1694339138886 0.33935895950337414 21
1694339139059 0.33720508091190654 22
1694339139199 0.3353259349858164 23
1694339139343 0.33368210167975293 24
1694339139470 0.3322404088596072 25
1694339139582 0.3309728675146309 26
1694339139704 0.32985579714174984 27
1694339140006 0.32886910637821737 28
1694339140189 0.32799570047378857 29
