1694340831522 169.08902758239503 0
1694340831599 1647.055502671122 1
1694340831672 6470061.0068990495 2
1694340831742 26998198029.95749 3
1694340831817 112659614932306.3 4
1694340831884 4.701124410486771e+17 5
1694340831953 1.9617118998201051e+21 6
1694340832014 8.185942855095801e+24 7
1694340832081 3.4158767366930385e+28 8
1694340832169 1.425396449355512e+32 9
1694340832229 5.9479752767726494e+35 10
1694340832328 2.4820049123242027e+39 11
1694340832440 1.0357051094106184e+43 12
1694340832559 4.321849116143683e+46 13
1694340832671 1.8034457504357654e+50 14
1694340832787 7.525520876274611e+53 15
1694340832965 3.140292101692589e+57 16
1694340833103 1.310398927341042e+61 17
1694340833222 5.468107084213703e+64 18
1694340833336 2.281762786932301e+68 19
1694340833445 9.521469378059463e+71 20
1694340833536 3.973172830958873e+75 21
1694340833632 1.6579481294185433e+79 22
1694340833710 6.918380137969125e+82 23
1694340833783 2.8869409654108173e+86 24
1694340833860 1.2046791259743707e+90 25
1694340833936 5.026953491415986e+93 26
1694340834012 2.0976757096559044e+97 27
1694340834094 8.7533003645135e+100 28
1694340834181 3.6526269012267956e+104 29
