1694346181155 168.9055090705015 0
1694346181372 168.8886370233594 1
1694346181725 168.87178871444493 2
1694346181990 168.85494225685989 3
1694346182410 168.838097651834 4
1694346182714 168.82125489915498 5
1694346182883 168.80441399861064 6
1694346183061 168.78757494998888 7
1694346183312 168.77073775307753 8
1694346183482 168.75390240766455 9
1694346183641 168.73706891353783 10
1694346183784 168.72023727048534 11
1694346183936 168.70340747829508 12
1694346184197 168.68657953675503 13
1694346184511 168.66975344565324 14
1694346184720 168.6529292047778 15
1694346185047 168.63610681391665 16
1694346185309 168.61928627285806 17
1694346185577 168.60246758139007 18
1694346185750 168.58565073930086 19
1694346185892 168.5688357463786 20
1694346186068 168.55202260241148 21
1694346186238 168.5352113071878 22
1694346186445 168.51840186049571 23
1694346186603 168.50159426212358 24
1694346186760 168.4847885118597 25
1694346186959 168.46798460949236 26
1694346187116 168.45118255480992 27
1694346187318 168.43438234760075 28
1694346187493 168.4175839876533 29
