1694341165262 0.9044349062056598 0
1694341165494 0.8577245638198959 1
1694341165681 0.8148443327658137 2
1694341165848 0.7756473545152962 3
1694341166002 0.7397954527152675 4
1694341166137 0.7069922424097106 5
1694341166279 0.676967610714467 6
1694341166593 0.6494759628164147 7
1694341166746 0.6242939344767913 8
1694341166910 0.6012183554117723 9
1694341167045 0.5800643985457531 10
1694341167168 0.5606639002543686 11
1694341167300 0.5428638356127912 12
1694341167410 0.5265249342899656 13
1694341167515 0.5115204240561942 14
1694341167618 0.49773489008290545 15
1694341167715 0.4850632393115951 16
1694341167821 0.4734097601648709 17
1694341167931 0.46268726877579297 18
1694341168044 0.4528163337308867 19
1694341168167 0.4437245720652044 20
1694341168286 0.4353460099216401 21
1694341168383 0.4276205018979331 22
1694341168479 0.4204932036591223 23
1694341168573 0.41391409289605796 24
1694341168682 0.40783753416664237 25
1694341168801 0.40222188357016797 26
1694341168914 0.3970291295803926 27
1694341169175 0.3922245667033682 28
1694341169338 0.38777649893482957 29
