1694344534415 168.4178577621534 0
1694344534568 168.38424331183342 1
1694344534710 168.35063558363555 2
1694344534852 168.31703457621524 3
1694344535057 168.2834402882281 4
1694344535233 168.2498527183301 5
1694344535411 168.21627186517745 6
1694344535696 168.18269772742673 7
1694344535990 168.14913030373458 8
1694344536270 168.11556959275808 9
1694344536471 168.08201559315444 10
1694344536759 168.04846830358133 11
1694344537042 168.01492772269654 12
1694344537321 167.98139384915814 13
1694344537504 167.94786668162453 14
1694344537678 167.9143462187543 15
1694344537829 167.8808324592064 16
1694344537974 167.84732540163998 17
1694344538145 167.8138250447144 18
1694344538305 167.78033138708955 19
1694344538477 167.74684442742523 20
1694344538633 167.7133641643818 21
1694344538819 167.67989059661969 22
1694344538972 167.6464237227997 23
1694344539171 167.61296354158293 24
1694344539359 167.57951005163062 25
1694344539709 167.5460632516044 26
1694344539999 167.5126231401661 27
1694344540240 167.47918971597787 28
1694344540548 167.4457629777021 29
