1694342774930 2.167269003047431e+46 0
1694342775215 5.8303726792475924e+47 1
1694342775572 1.5723184060955695e+49 2
1694342775796 4.2390987285212315e+50 3
1694342776083 1.1429262488683875e+52 4
1694342776313 3.0814963880201683e+53 5
1694342776596 8.308167558554215e+54 6
1694342776781 2.2400041201533755e+56 7
1694342777003 6.039380451991558e+57 8
1694342777228 1.6283057653067013e+59 9
1694342777463 4.390151749010343e+60 10
1694342777716 1.1836494588371596e+62 11
1694342777939 3.1912929700479597e+63 12
1694342778170 8.604195055081974e+64 13
1694342778396 2.3198174921804194e+66 14
1694342778558 6.254569035888735e+67 15
1694342778749 1.686323771441573e+69 16
1694342778972 4.546576823777695e+70 17
1694342779288 1.225823958873647e+72 18
1694342779505 3.305001622957595e+73 19
1694342779683 8.910770301625487e+74 20
1694342779877 2.4024746861478124e+76 21
1694342780133 6.477424983705531e+77 22
1694342780385 1.7464090115683068e+79 23
1694342780604 4.70857546534211e+80 24
1694342780832 1.2695011744649702e+82 25
1694342781016 3.4227618179436816e+83 26
1694342781234 9.22826910129528e+84 27
1694342781462 2.48807703064433e+86 28
1694342781695 6.708221490366987e+87 29
