1694341188476 0.2772257956381537 0
1694341188587 0.2769062577062343 1
1694341188703 0.2766381061296939 2
1694341188807 0.2764129398668528 3
1694341188907 0.276223749676181 4
1694341189007 0.2760646849265802 5
1694341189120 0.2759308598783412 6
1694341189234 0.27581819268744334 7
1694341189349 0.2757232715510346 8
1694341189469 0.2756432433737011 9
1694341189587 0.27557572112843237 10
1694341189721 0.27551870674251505 11
1694341189841 0.27547052688119145 12
1694341189941 0.2754297794507134 13
1694341190047 0.2753952890138056 14
1694341190164 0.2753660696180103 15
1694341190282 0.27534129379204153 16
1694341190400 0.2753202666762789 17
1694341190503 0.2753024044284444 18
1694341190640 0.27528721619055313 19
1694341190840 0.27527428902357143 20
1694341191009 0.2752632753160692 21
1694341191157 0.2752538822560891 22
1694341191277 0.2752458630243048 23
1694341191400 0.2752390094237669 24
1694341191649 0.27523314570909 25
1694341191825 0.2752281234174784 26
1694341192004 0.27522381703687104 27
1694341192136 0.2752201203738618 28
1694341192254 0.2752169435068164 29
