1694341044815 0.7626726615444773 0
1694341044918 0.690477900397078 1
1694341045013 0.6308550729294518 2
1694341045124 0.5815278116005647 3
1694341045264 0.5406411556443317 4
1694341045387 0.5066825846392083 5
1694341045491 0.47841794678125243 6
1694341045603 0.4548394625489033 7
1694341045741 0.43512351909107283 8
1694341045944 0.41859640382515995 9
1694341046114 0.4047064766735306 10
1694341046244 0.3930015647090705 11
1694341046358 0.3831105933697445 12
1694341046448 0.3747286550834144 13
1694341046727 0.3676048674161066 14
1694341046891 0.3615324954417793 15
1694341047043 0.35634091237501053 16
1694341047150 0.3518890530211588 17
1694341047238 0.3480600798549805 18
1694341047334 0.3447570344333369 19
1694341047429 0.3418992897257259 20
1694341047531 0.33941965370787375 21
1694341047646 0.33726200274775747 22
1694341047743 0.33537934616726417 23
1694341047836 0.33373224189658424 24
1694341047943 0.33228749817102304 25
1694341048047 0.3310171084144317 26
1694341048133 0.32989737634742 27
1694341048220 0.3289081963873585 28
1694341048309 0.3280324609238725 29
