1694337730376 169.08902758239503 0
1694337730417 137.0359812026933 1
1694337730454 125.3932458619873 2
1694337730493 113.85345080430793 3
1694337730545 103.4328450207217 4
1694337730591 93.96790731299421 5
1694337730639 85.37895111376852 6
1694337730691 77.58152814051971 7
1694337730737 70.50308915338732 8
1694337730782 64.07719239526399 9
1694337730826 58.24348303663824 10
1694337730869 52.94720785329495 11
1694337730928 48.13868424580909 12
1694337730966 43.77283112594475 13
1694337731007 39.80874219313673 14
1694337731054 36.20929889344583 15
1694337731106 32.94081928163604 16
1694337731163 29.972739460158518 17
1694337731216 27.277324570470736 18
1694337731265 24.82940659355348 19
1694337731335 22.60614647122878 20
1694337731384 20.586818290983995 21
1694337731445 18.752613486630604 22
1694337731503 17.086463197272394 23
1694337731560 15.572877099535608 24
1694337731626 14.197797184467715 25
1694337731727 12.948465092430483 26
1694337731845 11.813301748048604 27
1694337731924 10.781798154052762 28
1694337732008 9.844416308786704 29
