1694343559299 51.701403890312505 0
1694343559550 50.69276513781333 1
1694343559780 49.70407189127138 2
1694343560032 48.73492391230128 3
1694343560384 47.78494859337912 4
1694343560592 46.85373866900843 5
1694343560790 45.94095900442068 6
1694343560940 45.04619561382023 7
1694343561087 44.16914932318706 8
1694343561226 43.30939972774993 9
1694343561405 42.4666821555006 10
1694343561556 41.640626739306626 11
1694343561694 40.830837322963006 12
1694343561819 40.03710627832896 13
1694343561985 39.258990626311515 14
1694343562147 38.496313631627714 15
1694343562286 37.74862708715243 16
1694343562411 37.01578386886362 17
1694343562573 36.29742147702822 18
1694343562749 35.593153881007645 19
1694343562990 34.90288398280871 20
1694343563213 34.22614387099432 21
1694343563420 33.562862866597534 22
1694343563593 32.912682077678646 23
1694343563912 32.275220943776496 24
1694343564152 31.650454230989705 25
1694343564342 31.038023456091896 26
1694343564532 30.437549610685462 27
1694343564698 29.84905023535414 28
1694343564860 29.27216723188611 29
