1694338563065 169.089027582395 0
1694338563112 1647.0555026711233 1
1694338563159 6470061.006899059 2
1694338563211 26998198029.957542 3
1694338563271 112659614932306.22 4
1694338563330 4.7011244104867616e+17 5
1694338563383 1.961711899820103e+21 6
1694338563439 8.185942855095764e+24 7
1694338563489 3.415876736693036e+28 8
1694338563536 1.4253964493555166e+32 9
1694338563581 5.947975276772667e+35 10
1694338563628 2.4820049123242166e+39 11
1694338563678 1.0357051094106237e+43 12
1694338563732 4.321849116143719e+46 13
1694338563790 1.8034457504357863e+50 14
1694338563859 7.525520876274674e+53 15
1694338563923 3.1402921016926165e+57 16
1694338563988 1.3103989273410553e+61 17
1694338564050 5.468107084213737e+64 18
1694338564120 2.2817627869323255e+68 19
1694338564190 9.521469378059536e+71 20
1694338564256 3.973172830958885e+75 21
1694338564324 1.6579481294185558e+79 22
1694338564383 6.918380137969205e+82 23
1694338564448 2.886940965410833e+86 24
1694338564541 1.204679125974378e+90 25
1694338564687 5.026953491416004e+93 26
1694338564760 2.09767570965591e+97 27
1694338564850 8.753300364513476e+100 28
1694338564932 3.6526269012267975e+104 29
