1694344757790 93.12914713223759 0
1694344757984 91.28229116233086 1
1694344758170 89.47218144920356 2
1694344758389 87.69808667761201 3
1694344758718 85.95929008988571 4
1694344758939 84.25508919608079 5
1694344759226 82.58479548990574 6
1694344759468 80.94773417030491 7
1694344759690 79.34324386858658 8
1694344760024 77.77067638098522 9
1694344760290 76.22939640654998 10
1694344760542 74.71878129025308 11
1694344760771 73.23822077121388 12
1694344760970 71.78711673593735 13
1694344761146 70.36488297646639 14
1694344761302 68.97094495335047 15
1694344761479 67.60473956333458 16
1694344761695 66.2657149116745 17
1694344761856 64.95333008898602 18
1694344762004 63.66705495253816 19
1694344762183 62.40636991190145 20
1694344762351 61.17076571886488 21
1694344762704 59.95974326153622 22
1694344763039 58.77281336254259 23
1694344763373 57.60949658124941 24
1694344763606 56.46932301991787 25
1694344763882 55.35183213372234 26
1694344764072 54.25657254455088 27
1694344764237 53.18310185851346 28
1694344764424 52.13098648708419 29
