1694339080163 1.4962693955578052e+212 0
1694339080288 9.747491215052957e+213 1
1694339080425 6.3505412490490736e+215 2
1694339080549 4.1374140242274185e+217 3
1694339080663 2.695548977638739e+219 4
1694339080758 1.7561656264404223e+221 5
1694339080880 1.1441519827983467e+223 6
1694339081012 7.454215821287872e+224 7
1694339081134 4.856464381107642e+226 8
1694339081269 3.1640144114974586e+228 9
1694339081491 2.0613735447351096e+230 10
1694339081629 1.3429966929014994e+232 11
1694339081755 8.74970051765234e+233 12
1694339081869 5.700480094497205e+235 13
1694339081999 3.713895491874238e+237 14
1694339082104 2.4196242239102897e+239 15
1694339082367 1.5763990660865136e+241 16
1694339082535 1.027033037197172e+243 17
1694339082700 6.69117917021501e+244 18
1694339082912 4.3593416245016094e+246 19
1694339083066 2.8401360829950067e+248 20
1694339083322 1.850364955247669e+250 21
1694339083512 1.2055233860478107e+252 22
1694339083688 7.854054035052019e+253 23
1694339083821 5.116961271713598e+255 24
1694339083956 3.3337296305020045e+257 25
1694339084069 2.171943983770906e+259 26
1694339084174 1.415033968405013e+261 27
1694339084280 9.219027501177242e+262 28
1694339084391 6.006249317340494e+264 29
