1694345573867 169.26198691828273 0
1694345574160 169.24507508400214 1
1694345574433 169.22818623537063 2
1694345574675 169.21129907415843 3
1694345574869 169.19441360139447 4
1694345575269 169.1775298169099 5
1694345575505 169.16064772053582 6
1694345575753 169.14376731210342 7
1694345575953 169.12688859144393 8
1694345576129 169.1100115583885 9
1694345576301 169.09313621276843 10
1694345576503 169.07626255441485 11
1694345576719 169.05939058315911 12
1694345576888 169.04252029883244 13
1694345577066 169.0256517012662 14
1694345577278 169.0087847902916 15
1694345577455 168.99191956574003 16
1694345577790 168.97505602744286 17
1694345578118 168.95819417523134 18
1694345578375 168.94133400893696 19
1694345578583 168.924475528391 20
1694345578913 168.907618733425 21
1694345579145 168.8907636238703 22
1694345579294 168.87391019955837 23
1694345579435 168.85705846032064 24
1694345579629 168.84020840598862 25
1694345579787 168.82336003639384 26
1694345579933 168.80651335136773 27
1694345580085 168.78966835074186 28
1694345580249 168.77282503434776 29
