1694345752836 168.4181501190981 0
1694345753006 168.38455577718284 1
1694345753186 168.35096882314014 2
1694345753363 168.3173892552777 3
1694345753514 168.2838170719035 4
1694345753670 168.25025227132616 5
1694345753819 168.21669485185433 6
1694345754066 168.18314481179735 7
1694345754339 168.14960214946478 8
1694345754609 168.1160668631667 9
1694345754805 168.08253895121356 10
1694345754985 168.0490184119161 11
1694345755286 168.0155052435856 12
1694345755528 167.9819994445336 13
1694345755740 167.94850101307225 14
1694345755907 167.91500994751382 15
1694345756084 167.88152624617112 16
1694345756255 167.8480499073574 17
1694345756414 167.8145809293862 18
1694345756583 167.78111931057154 19
1694345756759 167.74766504922778 20
1694345756913 167.7142181436697 21
1694345757086 167.68077859221248 22
1694345757247 167.64734639317163 23
1694345757388 167.61392154486316 24
1694345757560 167.58050404560345 25
1694345757715 167.54709389370913 26
1694345758015 167.51369108749748 27
1694345758291 167.48029562528592 28
1694345758471 167.4469075053925 29
