1694343047722 7.154428171096161e+88 0
1694343047906 1.4557059061691138e+88 1
1694343048036 1.2126723189464882e+88 2
1694343048145 1.9813604025945508e+87 3
1694343048277 2.1000948166035653e+87 4
1694343048391 2.548459878144996e+86 5
1694343048496 3.7359199722403953e+86 6
1694343048618 3.0543658528456587e+85 7
1694343048738 6.906725227903713e+85 8
1694343048856 3.8669083451580136e+84 9
1694343048979 1.3813176704449439e+85 10
1694343049090 1.140135063045089e+84 11
1694343049414 3.4459087728727064e+84 12
1694343049621 9.206179758467095e+83 13
1694343049809 1.4135813333916793e+84 14
1694343049973 8.9117377907939e+83 15
1694343050157 9.832086235190973e+83 16
1694343050375 8.648765164598821e+83 17
1694343050586 8.730298910767766e+83 18
1694343050764 8.383490782209631e+83 19
1694343050896 8.301558112110231e+83 20
1694343051022 8.135534058068666e+83 21
1694343051135 8.027400511897163e+83 22
1694343051251 7.904878380228729e+83 23
1694343051374 7.796838427062954e+83 24
1694343051470 7.688173428961306e+83 25
1694343051589 7.584652014001025e+83 26
1694343051693 7.483035511377473e+83 27
1694343051802 7.384404918372604e+83 28
1694343051905 7.288003669443253e+83 29
