1694345064444 164.2744298875225 0
1694345064593 164.1103992915942 1
1694345064773 163.9467481031657 2
1694345064920 163.78326031179998 3
1694345065111 163.6199358745584 4
1694345065446 163.45677462811688 5
1694345065744 163.29377640937935 6
1694345066009 163.13094105541282 7
1694345066334 162.96826840344707 8
1694345066620 162.80575829087462 9
1694345066841 162.6434105552506 10
1694345067046 162.48122503429244 11
1694345067257 162.3192015658799 12
1694345067430 162.15733998805464 13
1694345067577 161.99564013902037 14
1694345067736 161.8341018571425 15
1694345067920 161.67272498094798 16
1694345068098 161.5115093491251 17
1694345068278 161.35045480052364 18
1694345068464 161.18956117415422 19
1694345068623 161.02882830918853 20
1694345068790 160.8682560449589 21
1694345069004 160.70784422095852 22
1694345069272 160.54759267684074 23
1694345069483 160.38750125241938 24
1694345069657 160.22756978766833 25
1694345069936 160.06779812272143 26
1694345070199 159.90818609787237 27
1694345070442 159.7487335535744 28
1694345070613 159.58944033044034 29
