1694344973235 159.92743661269668 0
1694344973389 159.608424183525 1
1694344973539 159.29004940262283 2
1694344973707 158.97231099512774 3
1694344973906 158.65520768872693 4
1694344974082 158.33873821365157 5
1694344974251 158.02290130267244 6
1694344974405 157.70769569109407 7
1694344974612 157.39312011675045 8
1694344974932 157.07917331999937 9
1694344975184 156.76585404371772 10
1694344975378 156.45316103329625 11
1694344975595 156.14109303663471 12
1694344975883 155.8296488041366 13
1694344976155 155.51882708870446 14
1694344976378 155.20862664573463 15
1694344976575 154.89904623311241 16
1694344976735 154.59008461120695 17
1694344976891 154.2817405428664 18
1694344977033 153.97401279341292 19
1694344977197 153.66690013063769 20
1694344977393 153.36040132479596 21
1694344977550 153.05451514860218 22
1694344977705 152.7492403772251 23
1694344977870 152.44457578828283 24
1694344978045 152.14052016183786 25
1694344978217 151.83707228039225 26
1694344978610 151.5342309288828 27
1694344978839 151.23199489467612 28
1694344979050 150.93036296756372 29
