1694336341174 0.2599872328591301 0
1694336341286 0.2115765993411362 1
1694336341347 0.25433285365059066 2
1694336341386 0.2555799942212215 3
1694336341417 0.29382554391059545 4
1694336341474 0.2814582458438091 5
1694336341521 0.2873200918622607 6
1694336341553 0.2949007849523327 7
1694336341599 0.3792984261761975 8
1694336341635 0.23972561952584584 9
1694336341667 0.277057027464938 10
1694336341698 0.21362714583470158 11
1694336341744 0.3313321348507763 12
1694336341768 0.2921912967998074 13
1694336341816 0.252783049207304 14
1694336341880 0.2589786784327131 15
1694336341935 0.2949398997692142 16
1694336341983 0.21858705297721806 17
1694336342003 0.3203138455496132 18
1694336342049 0.24591560546071284 19
1694336342087 0.2849468605248633 20
1694336342134 0.2935519702440153 21
1694336342166 0.21790501609964705 22
1694336342201 0.2050211346046965 23
1694336342233 0.281297246597969 24
1694336342285 0.26706500192833876 25
1694336342331 0.26898587843498145 26
1694336342370 0.21896157300744565 27
1694336342420 0.28381623195993044 28
1694336342461 0.2793276399792932 29
