1694344033812 92.82308188669747 0
1694344033943 91.91375026492696 1
1694344034100 91.0137106784377 2
1694344034251 90.12239270629452 3
1694344034535 89.24014464165546 4
1694344034774 88.36651919019722 5
1694344034928 87.50136836482874 6
1694344035101 86.64501049550373 7
1694344035361 85.79702460990858 8
1694344035596 84.9574177532255 9
1694344035794 84.12595937656316 10
1694344035931 83.30293939693122 11
1694344036085 82.48796805045312 12
1694344036227 81.6809143671796 13
1694344036398 80.8820407917336 14
1694344036560 80.0909821431641 15
1694344036713 79.30761463646346 16
1694344036870 78.53217659995762 17
1694344037019 77.76432667591482 18
1694344037170 77.00394804580304 19
1694344037311 76.25125565266698 20
1694344037478 75.5058257403089 21
1694344037609 74.76792427888108 22
1694344037741 74.03724829339806 23
1694344037884 73.31369273827629 24
1694344038192 72.59743194434837 25
1694344038395 71.88818721941128 26
1694344038600 71.18585989533642 27
1694344038772 70.4906028394733 28
1694344039016 69.8020794668231 29
