1694342390348 165.78575673357057 0
1694342390548 165.67674889993853 1
1694342390726 165.56794408450799 2
1694342390875 165.4593356360288 3
1694342391031 165.3509176087914 4
1694342391155 165.24268468521302 5
1694342391293 165.13463210692237 6
1694342391411 165.0267556134099 7
1694342391529 164.91905138741268 8
1694342391691 164.81151600629505 9
1694342391833 164.70414639876665 10
1694342391973 164.59693980635177 11
1694342392107 164.4898937490885 12
1694342392241 164.3830059949936 13
1694342392356 164.2762745328791 14
1694342392470 164.16969754815338 15
1694342392617 164.06327340127837 16
1694342392961 163.95700060859195 17
1694342393248 163.85087782523564 18
1694342393478 163.7449038299559 19
1694342393669 163.63907751157453 20
1694342393946 163.53339785694402 21
1694342394195 163.42786394022497 22
1694342394411 163.32247491334064 23
1694342394545 163.21722999747956 24
1694342394693 163.11212847553054 25
1694342394850 163.00716968534826 26
1694342394959 162.90235301375844 27
1694342395073 162.79767789122027 28
1694342395167 162.69314378707568 29
