1694344220282 164.64645255955057 0
1694344220447 164.48330835451947 1
1694344220640 164.32053700405797 2
1694344220810 164.15792752580427 3
1694344221151 163.99547987654995 4
1694344221465 163.83319389483233 5
1694344221818 163.67106941941393 6
1694344222071 163.50910628921818 7
1694344222305 163.34730434332943 8
1694344222495 163.1856634209926 9
1694344222634 163.02418336161318 10
1694344222773 162.86308427671415 11
1694344222917 162.7020352374699 12
1694344223094 162.541146482791 13
1694344223226 162.38041779937035 14
1694344223391 162.21984902762782 15
1694344223558 162.0594400081127 16
1694344223758 161.89919058153328 17
1694344223887 161.7391005887571 18
1694344224017 161.57916987081052 19
1694344224142 161.4193982688784 20
1694344224303 161.25978562430444 21
1694344224443 161.10033177859046 22
1694344224701 160.9410365733967 23
1694344224943 160.78189985054138 24
1694344225135 160.62292145200053 25
1694344225314 160.4641012199082 26
1694344225627 160.3054389965557 27
1694344225841 160.14693462439203 28
1694344226056 159.98858794602342 29
