1694338663216 8.550527645078262 0
1694338663270 7.779289524599207 1
1694338663316 7.084023790075895 2
1694338663369 6.452976869316369 3
1694338663419 5.880437453982441 4
1694338663480 5.360967714254135 5
1694338663537 4.8896472830202535 6
1694338663588 4.462011487705108 7
1694338663651 4.0740097763809535 8
1694338663707 3.72196726735775 9
1694338663764 3.4025499031062103 10
1694338663815 3.1127328351379133 11
1694338663870 2.8497717420168716 12
1694338663928 2.611176808252817 13
1694338663980 2.394689117194641 14
1694338664027 2.198259233946782 15
1694338664069 2.0200277751157554 16
1694338664118 1.8583077810487116 17
1694338664169 1.7115687233311636 18
1694338664215 1.5784219958285195 19
1694338664258 1.4576077516336174 20
1694338664301 1.3479829610535314 21
1694338664347 1.2485105773548872 22
1694338664400 1.1582497074975857 23
1694338664510 1.076346694622351 24
1694338664581 1.0020270277079972 25
1694338664635 0.9345880016621317 26
1694338664689 0.8733920582286568 27
1694338664748 0.8178607445543769 28
1694338664813 0.7674692321166668 29
