1694338816655 0.7623584543492823 0
1694338816727 0.6901943359841579 1
1694338816800 0.6305981829887126 2
1694338816899 0.5812942534928426 3
1694338816958 0.5404281033516926 4
1694338817026 0.5064876396011943 5
1694338817093 0.47823906491509927 6
1694338817177 0.45467489444794335 7
1694338817270 0.4349717609600676 8
1694338817362 0.418456157169183 9
1694338817445 0.40457661512846593 10
1694338817516 0.3928811067031562 11
1694338817575 0.3829986795501797 12
1694338817631 0.3746245296406009 13
1694338817691 0.367507862599288 14
1694338817760 0.36144201869078757 15
1694338817835 0.3562564355991989 16
1694338817937 0.3518101036430632 17
1694338818087 0.3479862333065198 18
1694338818231 0.3446879078495526 19
1694338818373 0.34183453662756136 20
1694338818473 0.33935895950337414 21
1694338818564 0.33720508091190654 22
1694338818643 0.3353259349858164 23
1694338818745 0.33368210167975293 24
1694338818906 0.3322404088596072 25
1694338819063 0.3309728675146309 26
1694338819172 0.32985579714174984 27
1694338819283 0.32886910637821737 28
1694338819414 0.32799570047378823 29
