1694337763173 169.089027582395 0
1694337763230 137.03598120269328 1
1694337763274 111.61786010116472 2
1694337763317 91.40935456346112 3
1694337763371 75.29814058154686 4
1694337763421 62.41528861801845 5
1694337763465 52.08125351745762 6
1694337763506 43.763943481847136 7
1694337763550 37.046154921411905 8
1694337763612 31.60027093400987 9
1694337763711 27.168594334586125 10
1694337763810 23.548052651464914 11
1694337763867 20.578296402717125 12
1694337763926 18.13243190032028 13
1694337763991 16.109800230641763 14
1694337764049 14.430346097766726 15
1694337764110 13.030222540687154 16
1694337764171 11.858356843746497 17
1694337764234 10.873764438256803 18
1694337764282 10.043445258218222 19
1694337764329 9.340733975120527 20
1694337764400 8.744004205086048 21
1694337764490 8.235649022240636 22
1694337764653 7.801277370743417 23
1694337764742 7.42907936425988 24
1694337764852 7.109323863491326 25
1694337764944 6.833959801990516 26
1694337765034 6.596299008897528 27
1694337765090 6.39076315821226 28
1694337765147 6.21268127077073 29
