1694339176382 169.08902758239503 0
1694339176468 137.03598120269328 1
1694339176548 125.39324586198731 2
1694339176644 113.85345080430793 3
1694339176700 103.4328450207217 4
1694339176769 93.96790731299424 5
1694339176858 85.37895111376854 6
1694339176933 77.58152814051971 7
1694339177030 70.50308915338734 8
1694339177142 64.07719239526402 9
1694339177246 58.24348303663827 10
1694339177344 52.94720785329498 11
1694339177435 48.13868424580913 12
1694339177526 43.77283112594479 13
1694339177678 39.80874219313677 14
1694339177887 36.20929889344587 15
1694339178233 32.94081928163608 16
1694339178363 29.972739460158547 17
1694339178496 27.277324570470757 18
1694339178648 24.829406593553514 19
1694339178815 22.60614647122882 20
1694339178962 20.586818290984027 21
1694339179089 18.75261348663061 22
1694339179235 17.08646319727241 23
1694339179387 15.57287709953562 24
1694339179507 14.197797184467731 25
1694339179632 12.948465092430498 26
1694339179747 11.813301748048614 27
1694339179897 10.781798154052773 28
1694339180031 9.844416308786714 29
