1694346541637 169.4541842878965 0
1694346541831 169.11615864253326 1
1694346542008 168.9476777117925 2
1694346542189 168.7792804235595 3
1694346542370 168.61106819372958 4
1694346542534 168.4430407496589 5
1694346542852 168.27519787995985 6
1694346543109 168.10753937345558 7
1694346543314 167.94006501921658 8
1694346543455 167.77277460656015 9
1694346543591 167.60566792505 10
1694346543734 167.4387447644963 11
1694346543921 167.27200491495512 12
1694346544065 167.10544816672822 13
1694346544246 166.9390743103627 14
1694346544408 166.7728831366509 15
1694346544576 166.60687443662977 16
1694346544761 166.44104800158104 17
1694346544909 166.27540362303043 18
1694346545086 166.10994109274773 19
1694346545269 165.94466020274638 20
1694346545640 165.77956074528316 21
1694346545881 165.61464251285798 22
1694346546130 165.44990529821345 23
1694346546404 165.28534889433473 24
1694346546663 165.12097309444928 25
1694346546851 164.95677769202635 26
1694346547053 164.79276248077684 27
1694346547260 164.62892725465318 28
1694346547449 164.46527180784867 29
