1694342853702 165.6126392372208 0
1694342853886 165.54707360581355 1
1694342854045 165.486600651193 2
1694342854223 165.4262034321809 3
1694342854655 165.36590596793684 4
1694342854930 165.30570752051125 5
1694342855136 165.24560747026322 6
1694342855382 165.18560520243022 7
1694342855559 165.12570010759433 8
1694342855694 165.06589158163163 9
1694342855825 165.00617902566498 10
1694342855986 164.94656184601664 11
1694342856169 164.8870394541617 12
1694342856360 164.82761126668186 13
1694342856552 164.76827670521928 14
1694342856813 164.7090351964315 15
1694342857133 164.64988617194618 16
1694342857416 164.5908290683165 17
1694342857628 164.531863326977 18
1694342857842 164.4729883941996 19
1694342858082 164.41420372105037 20
1694342858269 164.35550876334634 21
1694342858418 164.29690298161273 22
1694342858581 164.238385841041 23
1694342858743 164.17995681144677 24
1694342858914 164.12161536722815 25
1694342859042 164.06336098732487 26
1694342859180 164.00519315517735 27
1694342859302 163.94711135868636 28
1694342859442 163.88911509017288 29
