1694339132211 169.08902758239503 0
1694339132294 137.0359812026933 1
1694339132396 111.29267789768672 2
1694339132468 90.41574563191668 3
1694339132536 73.48348777721662 4
1694339132626 59.75256173524359 5
1694339132738 48.61420152071847 6
1694339132820 39.57734967364589 7
1694339132912 32.24412600784007 8
1694339133012 26.29212789610232 9
1694339133125 21.460095414955017 10
1694339133242 17.536301217766965 11
1694339133350 14.34914687182829 12
1694339133580 11.759546041333824 13
1694339133823 9.654754753319132 14
1694339134002 7.943373630460333 15
1694339134156 6.551299312323502 16
1694339134264 5.41844466089875 17
1694339134356 4.496081655328556 18
1694339134448 3.7446886608675563 19
1694339134549 3.13220625162777 20
1694339134622 2.63262398192451 21
1694339134711 2.224835251634459 22
1694339134791 1.8917093563162628 23
1694339134876 1.619339486740637 24
1694339134945 1.3964332770971712 25
1694339135039 1.213818846376458 26
1694339135123 1.0640444165573313 27
1694339135208 0.941053753633149 28
1694339135303 0.8399230489163783 29
