1694336583900 169.089027582395 0
1694336583941 137.0359812026933 1
1694336583988 111.61786010116472 2
1694336584035 91.40935456346111 3
1694336584073 75.29814058154687 4
1694336584127 62.41528861801846 5
1694336584168 52.08125351745763 6
1694336584215 43.76394348184714 7
1694336584283 37.04615492141191 8
1694336584341 31.600270934009878 9
1694336584393 27.168594334586135 10
1694336584447 23.548052651464936 11
1694336584475 20.578296402717143 12
1694336584521 18.132431900320313 13
1694336584576 16.109800230641795 14
1694336584608 14.430346097766755 15
1694336584655 13.030222540687179 16
1694336584708 11.85835684374652 17
1694336584770 10.873764438256824 18
1694336584823 10.043445258218243 19
1694336584894 9.340733975120548 20
1694336584964 8.74400420508607 21
1694336585009 8.235649022240645 22
1694336585072 7.801277370743427 23
1694336585115 7.42907936425989 24
1694336585162 7.109323863491334 25
1694336585444 6.833959801990526 26
1694336585518 6.596299008897537 27
1694336585595 6.390763158212267 28
1694336585678 6.212681270770739 29
