1694344059641 159.42858075828784 0
1694344059777 159.27066592788924 1
1694344059911 159.1129991162766 2
1694344060059 158.95548930532294 3
1694344060223 158.79813640518006 4
1694344060395 158.64094025909722 5
1694344060652 158.48390071052623 6
1694344060927 158.32701760307563 7
1694344061108 158.1702907805103 8
1694344061382 158.0137200867514 9
1694344061636 157.85730536587613 10
1694344061843 157.70104646211783 11
1694344062041 157.54494321986547 12
1694344062197 157.38899548366376 13
1694344062348 157.23320309821284 14
1694344062480 157.07756590836837 15
1694344062619 156.92208375914086 16
1694344062748 156.76675649569617 17
1694344062922 156.61158396335492 18
1694344063092 156.45656600759236 19
1694344063236 156.3017024740384 20
1694344063377 156.14699320847737 21
1694344063518 155.9924380568477 22
1694344063633 155.83803686524215 23
1694344063755 155.68378947990723 24
1694344063880 155.52969574724338 25
1694344064130 155.37575551380456 26
1694344064346 155.22196862629823 27
1694344064529 155.06833493158533 28
1694344064685 154.91485427667973 29
