1694346174089 169.08902758239503 0
1694346174474 169.05528993595615 1
1694346174738 169.03842642420392 2
1694346175058 169.02156375470472 3
1694346175260 169.00470293928848 4
1694346175430 168.98784397768216 5
1694346175595 168.97098686967342 6
1694346175792 168.95413161505007 7
1694346175974 168.93727821359982 8
1694346176136 168.92042666511054 9
1694346176309 168.90357696936996 10
1694346176479 168.88672912616596 11
1694346176736 168.86988313528644 12
1694346177129 168.85303899651922 13
1694346177476 168.83619670965228 14
1694346177755 168.81935627447345 15
1694346178074 168.80251769077086 16
1694346178310 168.78568095833236 17
1694346178509 168.76884607694606 18
1694346178686 168.75201304639992 19
1694346178891 168.73518186648207 20
1694346179064 168.71835253698052 21
1694346179246 168.70152505768348 22
1694346179418 168.68469942837902 23
1694346179576 168.66787564885533 24
1694346179787 168.6510537189006 25
1694346179944 168.63423363830302 26
1694346180135 168.61741540685088 27
1694346180335 168.60059902433238 28
1694346180478 168.5837844905358 29
