1694345533607 169.44836604083318 0
1694345533835 169.11042530844475 1
1694345534019 168.94191915258432 2
1694345534229 168.7734968159119 3
1694345534382 168.6052427508799 4
1694345534560 168.4371567471122 5
1694345534712 168.2692386367247 6
1694345534891 168.10148825197987 7
1694345535111 167.93390542530784 8
1694345535292 167.76648998930614 9
1694345535511 167.5992417767397 10
1694345535678 167.43216062054051 11
1694345535860 167.26524635380744 12
1694345536193 167.09849880980627 13
1694345536552 166.9319178219694 14
1694345536841 166.76550322389548 15
1694345537214 166.59925484934968 16
1694345537506 166.4331725322632 17
1694345537718 166.26725610673319 18
1694345537896 166.10150540702264 19
1694345538115 165.93592026756002 20
1694345538298 165.77050052293941 21
1694345538463 165.60524600792016 22
1694345538619 165.44015655742666 23
1694345538828 165.27523200654832 24
1694345539006 165.11047219053935 25
1694345539183 164.9458769448186 26
1694345539343 164.78144610496935 27
1694345539513 164.6171795067392 28
1694345539866 164.4530769860399 29
