1694342306553 162.43091912795052 0
1694342306685 162.31479069195478 1
1694342306805 162.1990385548796 2
1694342306931 162.08365801495495 3
1694342307060 161.96864445229974 4
1694342307188 161.85399332744748 5
1694342307310 161.73970017989834 6
1694342307432 161.62576062669754 7
1694342307561 161.51217036103958 8
1694342307719 161.39892515089716 9
1694342307864 161.28602083767544 10
1694342308145 161.17345333489027 11
1694342308385 161.06121862687016 12
1694342308565 160.94931276748213 13
1694342308713 160.83773187887996 14
1694342308936 160.7264721502759 15
1694342309136 160.6155298367335 16
1694342309353 160.5049012579831 17
1694342309501 160.39458279725832 18
1694342309635 160.28457090015357 19
1694342309766 160.17486207350225 20
1694342309926 160.06545288427532 21
1694342310066 159.95633995849934 22
1694342310195 159.84751998019465 23
1694342310334 159.73898969033223 24
1694342310446 159.63074588580955 25
1694342310575 159.52278541844504 26
1694342310718 159.41510519399048 27
1694342310863 159.30770217116148 28
1694342310993 159.20057336068515 29
