1694337713744 1.6245031681252695e+212 0
1694337713797 1.1946928238917747e+214 1
1694337713845 8.83694063343853e+215 2
1694337713898 6.534249402775955e+217 3
1694337713969 4.831687066713021e+219 4
1694337714013 3.5727392292655973e+221 5
1694337714066 2.6418239540277335e+223 6
1694337714119 1.9534685633730287e+225 7
1694337714173 1.4444715074327199e+227 8
1694337714223 1.068099059727541e+229 9
1694337714271 7.897944649803336e+230 10
1694337714323 5.840050988085761e+232 11
1694337714378 4.3183634547617186e+234 12
1694337714433 3.1931678277237163e+236 13
1694337714502 2.3611539146309388e+238 14
1694337714620 1.745930094927471e+240 15
1694337714729 1.2910093990420332e+242 16
1694337714799 9.54623139412757e+243 17
1694337714880 7.058859052292592e+245 18
1694337714946 5.2195980867156525e+247 19
1694337715046 3.859576170174015e+249 20
1694337715099 2.8539224602920376e+251 21
1694337715155 2.1103025436578397e+253 22
1694337715214 1.5604407224550237e+255 23
1694337715266 1.1538512596754733e+257 24
1694337715317 8.53203015209731e+258 25
1694337715412 6.308918754118411e+260 26
1694337715525 4.665062726751235e+262 27
1694337715599 3.4495309089718706e+264 28
1694337715682 2.5507188625176407e+266 29
