1694344054435 164.3142226268169 0
1694344054609 164.15151978695957 1
1694344054756 163.98916664512544 2
1694344054909 163.82700267003398 3
1694344055049 163.66497240088054 4
1694344055226 163.5031309658785 5
1694344055357 163.34144130426114 6
1694344055507 163.1798943041775 7
1694344055630 163.01853546609456 8
1694344055773 162.85732797560755 9
1694344055919 162.69628090065567 10
1694344056074 162.5353759558321 11
1694344056220 162.37465833222768 12
1694344056365 162.21409148380454 13
1694344056506 162.05368441202657 14
1694344056641 161.8934189652648 15
1694344056895 161.7333400022389 16
1694344057124 161.57341124427336 17
1694344057317 161.41362376789317 18
1694344057537 161.2540221342379 19
1694344057694 161.0945702845551 20
1694344058009 160.93527709956632 21
1694344058244 160.77612467051412 22
1694344058443 160.6171572525401 23
1694344058588 160.45833905239726 24
1694344058721 160.29966126728561 25
1694344058876 160.14116785658837 26
1694344059022 159.98282324560853 27
1694344059175 159.82463619511944 28
1694344059312 159.6665890376342 29
