1694339157973 0.7626761316374102 0
1694339158240 0.6904797142756965 1
1694339158419 0.6308555937192541 2
1694339158598 0.5815273312957994 3
1694339158758 0.5406399087096151 4
1694339158896 0.506680759021512 5
1694339159037 0.4784156928251987 6
1694339159250 0.4548369002144813 7
1694339159400 0.4351207437968744 8
1694339159535 0.41859349117871314 9
1694339159676 0.4047034863005167 10
1694339159813 0.39299854335287393 11
1694339159923 0.38310757740015117 12
1694339160036 0.3747256725268552 13
1694339160149 0.3676019395984388 14
1694339160262 0.3615296383172879 15
1694339160400 0.35633813760129274 16
1694339160533 0.35188636882820085 17
1694339160673 0.3480574917475525 18
1694339160789 0.3447545457583796 19
1694339160900 0.3418969021304006 20
1694339160998 0.33941736750905205 21
1694339161113 0.33725981722978493 22
1694339161222 0.3353772598216372 23
1694339161365 0.33373025261458966 24
1694339161458 0.3322856033982881 25
1694339161556 0.33101530527464196 26
1694339161641 0.32989566174107693 27
1694339161882 0.32890656707034827 28
1694339162062 0.3280309135697003 29
