1694344168449 168.32942794473755 0
1694344168649 168.3127334869224 1
1694344168838 168.29605701957675 2
1694344169087 168.2793800233743 3
1694344169374 168.2627046902581 4
1694344169557 168.2460310196745 5
1694344169672 168.22935901145732 6
1694344169818 168.2126886654405 7
1694344169948 168.19601998145785 8
1694344170067 168.17935295934325 9
1694344170184 168.16268759893063 10
1694344170315 168.1460239000539 11
1694344170455 168.12936186254709 12
1694344170597 168.11270148624402 13
1694344170718 168.09604277097873 14
1694344170859 168.0793857165852 15
1694344171020 168.06273032289744 16
1694344171164 168.04607658974945 17
1694344171303 168.02942451697533 18
1694344171417 168.01277410440903 19
1694344171768 167.9961253518847 20
1694344171990 167.97947825923643 21
1694344172175 167.96283282629832 22
1694344172295 167.9461890529045 23
1694344172441 167.92954693888905 24
1694344172568 167.9129064840861 25
1694344172712 167.89626768833 26
1694344172828 167.8796305514548 27
1694344172985 167.86299507329468 28
1694344173125 167.84636125368397 29
