1694343374411 168.42569198692837 0
1694343374578 168.3923492224669 1
1694343374753 168.3590150446154 2
1694343374895 168.32568750497862 3
1694343375059 168.2923666022318 4
1694343375208 168.25905039222783 5
1694343375353 168.22574276076452 6
1694343375511 168.19244176221775 7
1694343375642 168.15914739526383 8
1694343375924 168.12585771852372 9
1694343376149 168.09257661226118 10
1694343376360 168.05930213362134 11
1694343376535 168.02603428128143 12
1694343376703 167.99277111662852 13
1694343376957 167.95951651439643 14
1694343377219 167.9262685344973 15
1694343377425 167.8930271756095 16
1694343377601 167.85979050188394 17
1694343377735 167.82656238252883 18
1694343377885 167.7933408802212 19
1694343378043 167.76012406138412 20
1694343378182 167.72691579068305 21
1694343378312 167.69371413306803 22
1694343378463 167.66051908721928 23
1694343378608 167.62732872232 24
1694343378757 167.59414689751742 25
1694343378892 167.56097168052284 26
1694343379016 167.52780307001754 27
1694343379147 167.4946391379426 28
1694343379311 167.46148373793153 29
