1694342244381 9.578680763963773e+43 0
1694342244590 2.0698367804330152e+45 1
1694342244766 4.472667051205044e+46 2
1694342244921 9.6648928477271e+47 3
1694342245059 2.0884665171571881e+49 4
1694342245206 4.5129236941060035e+50 5
1694342245342 9.751882590178895e+51 6
1694342245591 2.1072639490190992e+53 7
1694342245749 4.5535426721684e+54 8
1694342245896 9.839655291834976e+55 9
1694342246017 2.1262305688689118e+57 10
1694342246162 4.594527245018495e+58 11
1694342246299 9.928217999634429e+59 12
1694342246421 2.145367899496878e+61 13
1694342246559 4.635880703224998e+62 14
1694342246710 1.0017577824099038e+64 15
1694342246984 2.1646774774007983e+65 16
1694342247180 4.677606366973951e+66 17
1694342247354 1.0107741939749527e+68 18
1694342247525 2.1841608529078796e+69 19
1694342247691 4.71970758633505e+70 20
1694342247926 1.0198717585681479e+72 21
1694342248116 2.203819590299175e+73 22
1694342248284 4.762187741530557e+74 23
1694342248447 1.0290512066146609e+76 24
1694342248571 2.2236552679352043e+77 25
1694342248713 4.805050243206729e+78 26
1694342248848 1.0383132751139202e+80 27
1694342248958 2.243669478382624e+81 28
1694342249092 4.848298532707716e+82 29
