1694343996775 169.08902758239503 0
1694343996940 169.05528993595618 1
1694343997122 169.0386980774448 2
1694343997291 169.02196752244564 3
1694343997457 169.00524363168176 4
1694343997640 168.98851870543405 5
1694343997816 168.9717970001188 6
1694343997987 168.9550754036509 7
1694343998294 168.9383547361878 8
1694343998508 168.92163865330198 9
1694343998788 168.90492205010023 10
1694343998971 168.88820866928887 11
1694343999117 168.87149414087705 12
1694343999273 168.85478367569192 13
1694343999421 168.8380752876759 14
1694343999550 168.82136700352942 15
1694343999690 168.8046619430693 16
1694343999841 168.78795573261502 17
1694343999984 168.77125358436209 18
1694344000110 168.7545535142067 19
1694344000244 168.73785458691412 20
1694344000358 168.72115627996277 21
1694344000483 168.70445890400828 22
1694344000833 168.68776506864788 23
1694344001133 168.67107331220367 24
1694344001306 168.6543826970673 25
1694344001460 168.63769040477115 26
1694344001835 168.62100478187355 27
1694344002060 168.6043191520914 28
1694344002230 168.58763413887633 29
