1694338553574 1.3224886623529245e+108 0
1694338553637 4.145708997789435e+111 1
1694338553699 1.2996155749365494e+115 2
1694338553764 4.074092809152783e+118 3
1694338553829 1.2771647682675085e+122 4
1694338553896 4.003713026895535e+125 5
1694338553966 1.2551018004888849e+129 6
1694338554035 3.9345490523628e+132 7
1694338554095 1.23341996955299e+136 8
1694338554155 3.8665798825878185e+139 9
1694338554213 1.2121126913366787e+143 10
1694338554264 3.799784877368512e+146 11
1694338554313 1.1911734954574484e+150 12
1694338554367 3.734143753061485e+153 13
1694338554416 1.170596023308361e+157 14
1694338554472 3.6696365764223724e+160 15
1694338554529 1.1503740261271621e+164 16
1694338554586 3.6062437585527585e+167 17
1694338554647 1.1305013630986887e+171 18
1694338554711 3.5439460489517435e+174 19
1694338554772 1.1109719994901248e+178 20
1694338554889 3.4827245296698845e+181 21
1694338554961 1.0917800048183943e+185 22
1694338555030 3.4225606095645884e+188 23
1694338555087 1.0729195510492641e+192 24
1694338555138 3.363436018654479e+195 25
1694338555192 1.0543849108275604e+199 26
1694338555250 3.3053328025713016e+202 27
1694338555307 1.0361704557379257e+206 28
1694338555360 3.248233317107801e+209 29
