1694345939887 94.9002699925062 0
1694345940212 93.1444981782077 1
1694345940476 91.4259458464899 2
1694345940692 89.743780958373 3
1694345940996 88.0971906572346 4
1694345941320 86.48538081907854 5
1694345941596 84.907575613442 6
1694345941803 83.36301707468782 7
1694345941972 81.85096468343514 8
1694345942150 80.3706949578874 9
1694345942333 78.92150105482283 10
1694345942507 77.50269238001773 11
1694345942674 76.1135942078781 12
1694345942824 74.75354731006139 13
1694345942964 73.4219075928746 14
1694345943108 72.11804574324003 15
1694345943283 70.8413468830257 16
1694345943450 69.59121023154113 17
1694345943582 68.36704877600532 18
1694345943752 67.16828894979687 19
1694345944100 65.99437031830207 20
1694345944299 64.84474527218006 21
1694345944458 63.71887872786935 22
1694345944697 62.61624783516373 23
1694345944919 61.53634169168943 24
1694345945082 60.47866106412016 25
1694345945238 59.442718115969875 26
1694345945423 58.428036141807134 27
1694345945548 57.43414930773877 28
1694345945677 56.46060239801411 29
