1694345662450 169.089027582395 0
1694345662647 169.05528993595615 1
1694345662864 169.0215597086401 2
1694345663085 168.9878368987476 3
1694345663300 168.95412150457975 4
1694345663493 168.92041352443826 5
1694345663916 168.88671295662502 6
1694345664265 168.85301979944236 7
1694345664465 168.81933405119315 8
1694345664738 168.78565571018044 9
1694345664900 168.75198477470786 10
1694345665065 168.71832124307932 11
1694345665247 168.68466511359918 12
1694345665442 168.65101638457227 13
1694345665604 168.6173750543036 14
1694345665770 168.58374112109883 15
1694345665937 168.55011458326385 16
1694345666128 168.51649543910497 17
1694345666416 168.482883686929 18
1694345666730 168.44927932504305 19
1694345667063 168.41568235175455 20
1694345667320 168.38209276537157 21
1694345667559 168.34851056420237 22
1694345667765 168.31493574655562 23
1694345667954 168.2813683107405 24
1694345668146 168.2478082550665 25
1694345668314 168.2142555778435 26
1694345668496 168.18071027738182 27
1694345668689 168.14717235199217 28
1694345668859 168.11364179998566 29
