1694342704454 170.49645490519205 0
1694342704617 168.55186769000971 1
1694342704771 167.3280845800959 2
1694342704908 166.20648459689897 3
1694342705054 165.1114443856881 4
1694342705209 164.03350613943064 5
1694342705367 162.9712783002678 6
1694342705509 161.92435641853513 7
1694342705682 160.89246052298674 8
1694342705964 159.87532993820318 9
1694342706186 158.87271039392334 10
1694342706388 157.8843523809722 11
1694342706541 156.91001087885616 12
1694342706675 155.94944525180043 13
1694342706817 155.00241916659664 14
1694342706958 154.06870051437312 15
1694342707115 153.14806133408294 16
1694342707253 152.2402777374212 17
1694342707378 151.34512983511107 18
1694342707496 150.4624016645326 19
1694342707647 149.5918811186667 20
1694342707786 148.7333598763324 21
1694342707912 147.88663333369283 22
1694342708036 147.05150053700646 23
1694342708162 146.22776411660183 24
1694342708337 145.4152302220527 25
1694342708600 144.6137084585323 26
1694342708789 143.82301182432445 27
1694342708992 143.04295664947162 28
1694342709148 142.2733625355378 29
