1694342989885 140.57508290854454 0
1694342990033 140.09084493638719 1
1694342990190 139.67218915043756 2
1694342990333 139.25677125111147 3
1694342990470 138.84700817056634 4
1694342990578 138.44247456205002 5
1694342990703 138.0428994050553 6
1694342990847 137.64802804975307 7
1694342991022 137.257626501805 8
1694342991154 136.87147942399335 9
1694342991307 136.48938857563175 10
1694342991435 136.11117137196567 11
1694342991574 135.73665956612857 12
1694342991752 135.3656980426914 13
1694342992048 134.99814371337655 14
1694342992337 134.63386450627877 15
1694342992602 134.27273844067045 16
1694342992831 133.91465278013933 17
1694342993121 133.55950325742253 18
1694342993329 133.20719336486118 19
1694342993524 132.85763370491685 20
1694342993676 132.5107413956601 21
1694342993809 132.16643952657424 22
1694342993935 131.82465666041074 23
1694342994077 131.48532637719538 24
1694342994218 131.148386856813 25
1694342994400 130.8137804969032 26
1694342994533 130.4814535630751 27
1694342994658 130.15135586870272 28
1694342994812 129.82344048179587 29
