1694343738661 150.67754234666512 0
1694343738865 150.37925718248357 1
1694343739076 150.08156638666887 2
1694343739269 149.78446877183416 3
1694343739462 149.48796315296855 4
1694343739812 149.19204834743223 5
1694343740072 148.89672317495177 6
1694343740405 148.60198645761548 7
1694343740628 148.3078370198684 8
1694343740985 148.01427368850784 9
1694343741291 147.7212952926786 10
1694343741538 147.42890066386826 11
1694343741771 147.1370886359024 12
1694343742039 146.84585804494 13
1694343742301 146.5552077294688 14
1694343742556 146.26513653030062 15
1694343742805 145.9756432905666 16
1694343743065 145.6867268557127 17
1694343743500 145.39838607349492 18
1694343743804 145.11061979397473 19
1694343744050 144.82342686951466 20
1694343744326 144.53680615477322 21
1694343744706 144.25075650670075 22
1694343745022 143.9652767845346 23
1694343745258 143.68036584979464 24
1694343745517 143.39602256627862 25
1694343745790 143.1122458000577 26
1694343746048 142.82903441947167 27
1694343746287 142.54638729512482 28
1694343746483 142.26430329988088 29
