1694346314119 94.17664487581776 0
1694346314338 93.3079131273416 1
1694346314680 92.44872551479509 2
1694346315033 91.59861792456523 3
1694346315291 90.75749247335473 4
1694346315504 89.92524894272074 5
1694346315694 89.10178829732907 6
1694346315906 88.28701264146781 7
1694346316107 87.48082520593843 8
1694346316279 86.68313033486118 9
1694346316512 85.89383347263815 10
1694346316742 85.11284115107078 11
1694346316960 84.34006097662906 12
1694346317364 83.57540161787202 13
1694346317634 82.81877279301627 14
1694346317905 82.07008525765183 15
1694346318143 81.32925079260295 16
1694346318457 80.59618219193261 17
1694346318759 79.8707932510886 18
1694346318990 79.15299875518974 19
1694346319214 78.44271446745047 20
1694346319435 77.73985711774236 21
1694346319618 77.04434439129047 22
1694346319815 76.35609491750354 23
1694346319994 75.67502825893598 24
1694346320165 75.0010649003803 25
1694346320322 74.3341262380882 26
1694346320466 73.67413456911929 27
1694346320646 73.02101308081517 28
1694346320807 72.37468584039836 29
