1694344241382 169.45176199730273 0
1694344241547 169.41767989091338 1
1694344241707 169.4006435321668 2
1694344241869 169.3836080314099 3
1694344242010 169.36657424033652 4
1694344242157 169.34954215873287 5
1694344242325 169.33251178642766 6
1694344242474 169.31548312324972 7
1694344242768 169.2984561690278 8
1694344242997 169.28143092359065 9
1694344243221 169.26440738676718 10
1694344243381 169.24738555838613 11
1694344243548 169.23036543827638 12
1694344243704 169.21334702626677 13
1694344243870 169.19633032218624 14
1694344244031 169.17931532586366 15
1694344244207 169.16230203712797 16
1694344244358 169.145290455808 17
1694344244515 169.12828058173284 18
1694344244663 169.11127241473142 19
1694344244822 169.09426595463265 20
1694344244990 169.07778021513795 21
1694344245396 169.06103658445178 22
1694344245621 169.04429463421903 23
1694344245879 169.02755435129635 24
1694344246121 169.01081573551807 25
1694344246434 168.9940787867177 26
1694344246717 168.977343504729 27
1694344246944 168.9606098893856 28
1694344247156 168.94387794052116 29
