1694344370472 125.07522381277096 0
1694344370665 123.84707670079148 1
1694344370827 122.63276282829347 2
1694344370970 121.43058328582957 3
1694344371137 120.2401328474009 4
1694344371486 119.06158023302109 5
1694344371765 117.89453312737952 6
1694344372016 116.73914176965296 7
1694344372317 115.59503681210954 8
1694344372710 114.46235028369026 9
1694344373014 113.3408039719724 10
1694344373215 112.2302661603235 11
1694344373418 111.13080052871629 12
1694344373621 110.04208942573369 13
1694344373824 108.96422663184208 14
1694344373977 107.89691409707996 15
1694344374110 106.84022844833581 16
1694344374245 105.7939412112385 17
1694344374431 104.7579373636888 18
1694344374661 103.73223751413529 19
1694344374975 102.7165919097213 20
1694344375293 101.71104146124159 21
1694344375570 100.71535483509085 22
1694344375868 99.72955677506519 23
1694344376218 98.75343590204608 24
1694344376655 97.78700106847096 25
1694344376902 96.83006048148866 26
1694344377094 95.8826073910886 27
1694344377239 94.94448731825156 28
1694344377453 94.01560977609563 29
