1694345960939 169.44650338439797 0
1694345961084 169.10849494994608 1
1694345961254 168.7712294980192 2
1694345961440 168.43470532777488 3
1694345961582 168.09892074235285 4
1694345961726 167.7638740488661 5
1694345961886 167.42956355839118 6
1694345962182 167.0959875859589 7
1694345962452 166.76314445054498 8
1694345962663 166.43103247506056 9
1694345962795 166.0996499863432 10
1694345962978 165.76899531514707 11
1694345963134 165.4390667961342 12
1694345963276 165.10986276786488 13
1694345963442 164.7813815727886 14
1694345963577 164.4536215572346 15
1694345963742 164.12658107140305 16
1694345963894 163.8002584693555 17
1694345964033 163.4746521090059 18
1694345964209 163.14976035211157 19
1694345964348 162.82558156426393 20
1694345964507 162.50211411487948 21
1694345964791 162.17935637719071 22
1694345965040 161.85730672823718 23
1694345965244 161.53596354885627 24
1694345965415 161.21532522367443 25
1694345965696 160.89539014109803 26
1694345965989 160.5761566933045 27
1694345966142 160.2576232762334 28
1694345966296 159.9397882895773 29
