1694339304814 169.08902758239503 0
1694339304898 137.03598120269328 1
1694339305004 111.61786010116471 2
1694339305085 91.4093545634611 3
1694339305149 75.29814058154686 4
1694339305222 62.415288618018444 5
1694339305304 52.08125351745762 6
1694339305372 43.763943481847136 7
1694339305451 37.046154921411905 8
1694339305541 31.60027093400987 9
1694339305635 27.168594334586135 10
1694339305725 23.548052651464936 11
1694339305814 20.578296402717143 12
1694339305892 18.132431900320313 13
1694339305984 16.109800230641795 14
1694339306189 14.430346097766755 15
1694339306348 13.03022254068718 16
1694339306496 11.85835684374652 17
1694339306628 10.873764438256826 18
1694339306730 10.043445258218243 19
1694339306837 9.340733975120548 20
1694339306935 8.74400420508607 21
1694339307016 8.235649022240645 22
1694339307103 7.801277370743426 23
1694339307206 7.429079364259889 24
1694339307323 7.109323863491334 25
1694339307414 6.833959801990526 26
1694339307493 6.596299008897537 27
1694339307587 6.390763158212267 28
1694339307678 6.212681270770739 29
