1694345933806 169.44768715128436 0
1694345934060 166.08279466767442 1
1694345934216 162.791473102362 2
1694345934366 159.57204771821293 3
1694345934509 156.42288277012284 4
1694345934677 153.34238058616398 5
1694345934845 150.32898067052383 6
1694345934997 147.38115882771623 7
1694345935176 144.49742630755873 8
1694345935313 141.67632897042296 9
1694345935464 138.9164464722741 10
1694345935604 136.2163914690305 11
1694345935747 133.57480883978226 12
1694345935916 130.99037492842075 13
1694345936050 128.46179680324119 14
1694345936217 125.9878115340906 15
1694345936349 123.56718548664371 16
1694345936611 121.19871363339956 17
1694345936857 118.88121888100115 18
1694345937063 116.61355141348972 19
1694345937267 114.3945880511149 20
1694345937673 112.22323162433098 21
1694345938032 110.09841036261753 22
1694345938228 108.0190772977727 23
1694345938415 105.98420968133462 24
1694345938604 103.9928084157951 25
1694345938802 102.0438974992776 26
1694345938985 100.13652348335978 27
1694345939210 98.26975494372778 28
1694345939415 96.44268196335744 29
