1694339325112 6.10960429433783 0
1694339325203 5.967362609675995 1
1694339325293 5.843684383253171 2
1694339325390 5.736004392629453 3
1694339325494 5.642141497605751 4
1694339325593 5.560235325725017 5
1694339325689 5.488694446545055 6
1694339325780 5.4261537769768005 7
1694339325863 5.371439429515192 8
1694339325948 5.323539583503616 9
1694339326047 5.281580248953516 10
1694339326262 5.244805020209491 11
1694339326406 5.212558096375305 12
1694339326532 5.184269987377035 13
1694339326663 5.159445436996531 14
1694339326793 5.137653183517821 15
1694339326921 5.118517249751075 16
1694339327124 5.1017095110023645 17
1694339327261 5.086943335068378 18
1694339327407 5.07396812491971 19
1694339327538 5.062564624248136 20
1694339327655 5.052540869947547 21
1694339327754 5.043728695017876 22
1694339327838 5.03598070122631 23
1694339327919 5.029167633840798 24
1694339327999 5.023176101428119 25
1694339328084 5.017906592527833 26
1694339328155 5.013271748327303 27
1694339328246 5.009194856553424 28
1694339328342 5.005608536888452 29
