1694339101043 1.6245031681252564e+212 0
1694339101310 1.19469282389177e+214 1
1694339101516 8.836940633438498e+215 2
1694339101660 6.534249402775923e+217 3
1694339101795 4.8316870667129763e+219 4
1694339101908 3.572739229265551e+221 5
1694339102142 2.6418239540276996e+223 6
1694339102297 1.95346856337299e+225 7
1694339102503 1.4444715074326862e+227 8
1694339102636 1.0680990597275182e+229 9
1694339102724 7.89794464980317e+230 10
1694339102811 5.840050988085623e+232 11
1694339102887 4.318363454761604e+234 12
1694339102981 3.1931678277236386e+236 13
1694339103087 2.3611539146308821e+238 14
1694339103197 1.745930094927429e+240 15
1694339103295 1.291009399042002e+242 16
1694339103382 9.546231394127337e+243 17
1694339103464 7.058859052292425e+245 18
1694339103568 5.219598086715524e+247 19
1694339103659 3.859576170173932e+249 20
1694339103759 2.8539224602919765e+251 21
1694339103860 2.1103025436577876e+253 22
1694339103968 1.560440722454984e+255 23
1694339104070 1.1538512596754451e+257 24
1694339104175 8.532030152097107e+258 25
1694339104268 6.308918754118258e+260 26
1694339104355 4.6650627267511216e+262 27
1694339104445 3.4495309089718e+264 28
1694339104529 2.5507188625175845e+266 29
