1694343337838 169.08902758239503 0
1694343337997 168.75180288377763 1
1694343338152 168.41797041817875 2
1694343338308 168.08479200355444 3
1694343338459 167.75226423347394 4
1694343338608 167.4204213862759 5
1694343338778 167.08922843359807 6
1694343338954 166.7587053964763 7
1694343339267 166.42882952030135 8
1694343339530 166.09959782240634 9
1694343339769 165.77104463742157 10
1694343339934 165.44313449843278 11
1694343340059 165.115888011716 12
1694343340199 164.78926965637254 13
1694343340342 164.4633135139065 14
1694343340482 164.13801730953983 15
1694343340639 163.81336867869268 16
1694343340780 163.48935492529273 17
1694343340921 163.16597393440472 18
1694343341054 162.8432485807917 19
1694343341204 162.52117700036322 20
1694343341370 162.1997465602374 21
1694343341529 161.87894429932248 22
1694343341779 161.55876851169887 23
1694343342012 161.23925361705892 24
1694343342199 160.92036290091303 25
1694343342395 160.60211868066153 26
1694343342580 160.28450796492749 27
1694343342836 159.9674936226761 28
1694343343049 159.6511459181389 29
