1694338577186 0.7623584543492847 0
1694338577241 0.6901943359841599 1
1694338577292 0.6305981829887147 2
1694338577355 0.5812942534928444 3
1694338577413 0.5404281033516942 4
1694338577476 0.5064876396011958 5
1694338577536 0.4782390649151007 6
1694338577589 0.4546748944479434 7
1694338577643 0.4349717609600676 8
1694338577692 0.418456157169183 9
1694338577747 0.40457661512846593 10
1694338577802 0.3928811067031562 11
1694338577867 0.3829986795501797 12
1694338577930 0.3746245296406009 13
1694338577996 0.367507862599288 14
1694338578061 0.36144201869078757 15
1694338578120 0.356256435599199 16
1694338578179 0.35181010364306314 17
1694338578229 0.3479862333065198 18
1694338578283 0.34468790784955256 19
1694338578333 0.34183453662756136 20
1694338578399 0.33935895950337414 21
1694338578470 0.33720508091190654 22
1694338578529 0.33532593498581637 23
1694338578597 0.33368210167975293 24
1694338578655 0.33224040885960726 25
1694338578713 0.3309728675146309 26
1694338578770 0.3298557971417499 27
1694338578829 0.32886910637821737 28
1694338578906 0.3279957004737887 29
