1694341008562 0.7626976442442068 0
1694341008639 0.690498073227916 1
1694341008733 0.6308713375194512 2
1694341008799 0.5815409004339196 3
1694341008895 0.5406516639431937 4
1694341008972 0.5066909962138332 5
1694341009067 0.4784246549921115 6
1694341009164 0.4548447873073368 7
1694341009324 0.43512772064915933 8
1694341009497 0.4185996939630361 9
1694341009653 0.40470902777699264 10
1694341009760 0.3930035171367776 11
1694341009855 0.3831120614336076 12
1694341009933 0.3747297319044116 13
1694341010140 0.3676056288680262 14
1694341010298 0.36153300335513716 15
1694341010437 0.35634121714075606 16
1694341010551 0.3518891957073358 17
1694341010643 0.34806009392809645 18
1694341010708 0.34475694715882677 19
1694341010797 0.3418991233078409 20
1694341010865 0.33941942621791205 21
1694341010934 0.3372617288803291 22
1694341011010 0.33537903785678036 23
1694341011093 0.3337319088201011 24
1694341011190 0.3322871481586435 25
1694341011300 0.33101674778448 26
1694341011406 0.3298970101803655 27
1694341011508 0.32890782874985003 28
1694341011599 0.32803209505210434 29
