1694343730189 159.98475909468345 0
1694343730547 159.6683083301097 1
1694343730820 159.35248738563826 2
1694343731236 159.03729500496902 3
1694343731462 158.72272993431096 4
1694343731719 158.40879092237682 5
1694343731967 158.09547672037826 6
1694343732231 157.78278608202075 7
1694343732624 157.47071776349875 8
1694343732892 157.15927052349062 9
1694343733283 156.8484431231536 10
1694343733562 156.53823432611904 11
1694343733809 156.22864289848724 12
1694343734039 155.91966760882266 13
1694343734266 155.61130722814903 14
1694343734527 155.30356052994424 15
1694343734763 154.9964262901357 16
1694343734996 154.6899032870952 17
1694343735218 154.38399030163416 18
1694343735464 154.07868611699874 19
1694343735697 153.77398951886494 20
1694343736156 153.46989929533387 21
1694343736409 153.16641423692658 22
1694343736652 152.86353313657966 23
1694343736899 152.56125478964006 24
1694343737160 152.25957799386055 25
1694343737422 151.95850154939458 26
1694343737674 151.65802425879178 27
1694343737889 151.35814492699316 28
1694343738122 151.05886236132602 29
