1694337744250 0.2772257956381537 0
1694337744309 0.27690625770623434 1
1694337744367 0.2766381061296939 2
1694337744423 0.2764129398668528 3
1694337744489 0.27622374967618096 4
1694337744566 0.2760646849265802 5
1694337744693 0.2759308598783412 6
1694337744793 0.2758181926874434 7
1694337744896 0.27572327155103465 8
1694337745000 0.2756432433737011 9
1694337745123 0.27557572112843237 10
1694337745197 0.27551870674251505 11
1694337745268 0.2754705268811915 12
1694337745331 0.2754297794507134 13
1694337745404 0.27539528901380556 14
1694337745482 0.2753660696180103 15
1694337745575 0.27534129379204153 16
1694337745752 0.2753202666762789 17
1694337745839 0.2753024044284444 18
1694337745915 0.27528721619055313 19
1694337746008 0.27527428902357143 20
1694337746078 0.2752632753160692 21
1694337746145 0.2752538822560891 22
1694337746201 0.2752458630243048 23
1694337746251 0.2752390094237669 24
1694337746308 0.27523314570909 25
1694337746372 0.2752281234174784 26
1694337746425 0.27522381703687104 27
1694337746472 0.2752201203738618 28
1694337746516 0.2752169435068164 29
