1694338898953 169.45544584785466 0
1694338899030 137.33299579061372 1
1694338899107 111.31139340258419 2
1694338899184 90.23171323734243 3
1694338899255 73.15522687324096 4
1694338899323 59.32155512507138 5
1694338899394 48.114775635153805 6
1694338899467 39.03597295312245 7
1694338899531 31.681006055656724 8
1694338899606 25.72250130250664 9
1694338899681 20.89526751301992 10
1694338899747 16.984482626785287 11
1694338899826 13.816125121035094 12
1694338899926 11.249223530895705 13
1694338900037 9.16957853661552 14
1694338900156 7.484677771261766 15
1694338900302 6.119576699050907 16
1694338900483 5.013561995402527 17
1694338900631 4.117448749400361 18
1694338900788 3.3913910657237305 19
1694338900904 2.803108527862899 20
1694338900990 2.3264495190803887 21
1694338901119 1.940227409301826 22
1694338901218 1.627277774735335 23
1694338901311 1.3736946649446073 24
1694338901396 1.1682119085949974 25
1694338901461 1.0017019098805529 26
1694338901533 0.8667696208106114 27
1694338901611 0.7574236134013942 28
1694338901710 0.6688096093405993 29
