1694342980879 169.08902758239503 0
1694342981003 167.62677553512307 1
1694342981131 167.1021961490618 2
1694342981256 166.50197321695853 3
1694342981373 165.948036319074 4
1694342981483 165.39323539247152 5
1694342981596 164.8490334573682 6
1694342981722 164.30954902907797 7
1694342981856 163.77543077888402 8
1694342981994 163.24570292639913 9
1694342982172 162.72021186960464 10
1694342982417 162.19871026729868 11
1694342982600 161.68108467868487 12
1694342982751 161.1672396906838 13
1694342982892 160.65711080475435 14
1694342983023 160.1506454823761 15
1694342983134 159.64780053641624 16
1694342983230 159.14853775932573 17
1694342983330 158.65282224019097 18
1694342983445 158.16062106430545 19
1694342983551 157.67190263610792 20
1694342983672 157.18663624395623 21
1694342983796 156.70479181065312 22
1694342983919 156.22633974078695 23
1694342984026 155.75125083009408 24
1694342984157 155.27949621026406 25
1694342984289 154.8110473153003 26
1694342984429 154.3458758605535 27
1694342984542 153.88395382934902 28
1694342984655 153.42525346412222 29
