1694340935793 3.983848111130762e+212 0
1694340935897 2.9298033043144515e+214 1
1694340935991 2.167125921417964e+216 2
1694340936198 1.6024257540197645e+218 3
1694340936356 1.1848981135883671e+220 4
1694340936500 8.761602137408022e+221 5
1694340936657 6.478673341917267e+223 6
1694340936797 4.790585945934417e+225 7
1694340936922 3.5423477155226955e+227 8
1694340937213 2.619351260795991e+229 9
1694340937420 1.936851370455899e+231 10
1694340937608 1.43218410122536e+233 11
1694340937777 1.0590132681785987e+235 12
1694340937890 7.830760732637397e+236 13
1694340937999 5.790372556642459e+238 14
1694340938113 4.281629268147198e+240 15
1694340938247 3.166005124976741e+242 16
1694340938388 2.341068743608563e+244 17
1694340938525 1.7310783293003193e+246 18
1694340938645 1.2800274192521653e+248 19
1694340938773 9.465026315126986e+249 20
1694340938898 6.998812822180463e+251 21
1694340939009 5.175197541884544e+253 22
1694340939105 3.826744660558549e+255 23
1694340939219 2.829645550453867e+257 24
1694340939329 2.0923512414425568e+259 25
1694340939446 1.5471668233726328e+261 26
1694340939557 1.1440360164838416e+263 27
1694340939779 8.459452382511377e+264 28
1694340939983 6.255251895995515e+266 29
