1694344080603 168.909487723012 0
1694344080780 168.89274865786007 1
1694344080945 168.8760302058623 2
1694344081102 168.85931635380535 3
1694344081389 168.84260123056947 4
1694344081569 168.8258907068222 5
1694344081739 168.80918086809126 6
1694344081894 168.79247269338572 7
1694344082056 168.77576422760131 8
1694344082189 168.75906035831088 9
1694344082328 168.74235717406722 10
1694344082458 168.72565565318487 11
1694344082617 168.70895384194785 12
1694344082738 168.69225662445837 13
1694344082852 168.6755600920461 14
1694344082982 168.65886522233134 15
1694344083143 168.6421700629858 16
1694344083284 168.62547949464235 17
1694344083413 168.60878961140665 18
1694344083538 168.5921013902049 19
1694344083661 168.57541288009602 20
1694344083954 168.55872895824493 21
1694344084161 168.54204572153205 22
1694344084361 168.5253641461898 23
1694344084539 168.50868228266378 24
1694344084705 168.49200500465227 25
1694344084955 168.4753284118095 26
1694344085151 168.45865153167253 27
1694344085375 168.4419792348427 28
1694344085509 168.42530762325472 29
