1694341041740 169.4449005846762 0
1694341041824 137.07973853832297 1
1694341041900 111.32823909108964 2
1694341041987 90.4418135436525 3
1694341042054 73.50698628036977 4
1694341042136 59.77179038601642 5
1694341042209 48.62995370701629 6
1694341042284 39.59027052570655 7
1694341042372 32.254740042725395 8
1694341042466 26.300861546711417 9
1694341042568 21.467295377306463 10
1694341042674 17.542249383644 11
1694341042780 14.354072475879034 12
1694341042871 11.76363553775857 13
1694341043139 9.658159843398964 14
1694341043326 7.946217785008499 15
1694341043472 6.553683069816993 16
1694341043584 5.4204499301705145 17
1694341043670 4.4977752092609755 18
1694341043760 3.746124972851159 19
1694341043836 3.133429798246887 20
1694341043920 2.63367111225321 21
1694341043987 2.2257357047238955 22
1694341044068 1.8924874931471085 23
1694341044152 1.620015290460333 24
1694341044230 1.3970231652349276 25
1694341044319 1.214336330498813 26
1694341044412 1.0645006381410136 27
1694341044509 0.9414579195026371 28
1694341044603 0.8402827851859219 29
