1694341157862 169.44476837438725 0
1694341157941 137.07962555742682 1
1694341158028 125.56310851679699 2
1694341158127 114.0029144339114 3
1694341158229 103.5687097874297 4
1694341158330 94.08864278638579 5
1694341158418 85.48975213715993 6
1694341158499 77.68222912947152 7
1694341158593 70.59458510609254 8
1694341158696 64.16033720453152 9
1694341158814 58.31904457997112 10
1694341158929 53.015883639989106 11
1694341159045 48.19768560076998 12
1694341159331 43.827872837136994 13
1694341159510 39.858590738706475 14
1694341159657 36.25449074970019 15
1694341159759 32.98179678268194 16
1694341159836 30.00990142582483 17
1694341159914 27.311031984864176 18
1694341160009 24.859985949606866 19
1694341160100 22.63389311886202 20
1694341160184 20.611999429075734 21
1694341160289 18.77547086730321 22
1694341160392 17.107215568053594 23
1694341160477 15.591722409224472 24
1694341160590 14.214914575777724 25
1694341160699 12.964016702215712 26
1694341160803 11.82743433386515 27
1694341160906 10.794644563959812 28
1694341161024 9.856096809628443 29
