1694343096280 168.3141540816557 0
1694343096426 168.2539542754769 1
1694343096590 168.1928171716711 2
1694343096745 168.1320390103722 3
1694343096910 168.0715698847803 4
1694343097044 168.01139596956364 5
1694343097173 167.95150324526173 6
1694343097319 167.8918784764076 7
1694343097558 167.83250914175846 8
1694343097707 167.7733833964018 9
1694343097846 167.71449003511995 10
1694343098091 167.6558184577602 11
1694343098307 167.59735863647887 12
1694343098495 167.5391010847592 13
1694343098651 167.48103682810608 14
1694343098776 167.4231573763277 15
1694343099051 167.36545469731743 16
1694343099278 167.30792119225546 17
1694343099418 167.25054967215274 18
1694343099554 167.19333333566485 19
1694343099676 167.13626574810704 20
1694343099813 167.07934082160511 21
1694343099958 167.02255279632138 22
1694343100075 166.96589622269636 23
1694343100183 166.90936594465245 24
1694343100311 166.85295708370666 25
1694343100455 166.79666502394343 26
1694343100594 166.74048539780085 27
1694343100722 166.68441407262705 28
1694343100855 166.62844713796324 29
