1694342239096 169.08902758239503 0
1694342239222 169.23188601709296 1
1694342239381 496.05484870603175 2
1694342239538 10693.797453792287 3
1694342239671 320468.8759276485 4
1694342239812 9723368.037932552 5
1694342239946 295132402.1466823 6
1694342240087 8958233510.849176 7
1694342240241 271911786132.4996 8
1694342240384 8253415168406.123 9
1694342240762 250518239526667.56 10
1694342240968 7604050814813732.0 11
1694342241163 2.308079000696361e+17 12
1694342241331 7.005777319474781e+18 13
1694342241479 2.1264833584664714e+20 14
1694342241661 6.454574942404586e+21 15
1694342241809 1.9591753455884898e+23 16
1694342241944 5.946740209870191e+24 17
1694342242089 1.8050308362299516e+26 18
1694342242206 5.478861031012001e+27 19
1694342242342 1.6630141488240846e+29 20
1694342242454 5.047793772345884e+30 21
1694342242591 1.532171087428872e+32 22
1694342242716 4.650642136003851e+33 23
1694342242841 1.4116225305797355e+35 24
1694342242967 4.284737699797696e+36 25
1694342243215 1.3005585245602436e+38 26
1694342243416 3.947621988356888e+39 27
1694342243621 1.1982328414038943e+41 28
1694342243859 3.637029954877865e+42 29
