1694344074876 169.089027582395 0
1694344075045 169.05528993595618 1
1694344075236 169.0386980774448 2
1694344075467 169.02196752244566 3
1694344075653 169.0052436316818 4
1694344075816 168.98851870543405 5
1694344076031 168.9717970001188 6
1694344076331 168.9550754036509 7
1694344076534 168.93835473618782 8
1694344076760 168.92163865330198 9
1694344076959 168.90492205010023 10
1694344077163 168.88820866928887 11
1694344077341 168.87149414087705 12
1694344077506 168.85478367569192 13
1694344077760 168.83807528767593 14
1694344077963 168.82136700352945 15
1694344078163 168.80466194306925 16
1694344078320 168.787955732615 17
1694344078454 168.77125358436209 18
1694344078595 168.7545535142067 19
1694344078731 168.73785458691412 20
1694344078854 168.7211562799628 21
1694344078982 168.7044589040083 22
1694344079110 168.68776506864788 23
1694344079265 168.67107331220367 24
1694344079413 168.6543826970673 25
1694344079572 168.63769040477115 26
1694344079712 168.62100478187355 27
1694344079879 168.6043191520914 28
1694344080028 168.58763413887633 29
