1694344915114 168.7684449303603 0
1694344915274 168.73476164979087 1
1694344915428 168.70108510498258 2
1694344915580 168.66741529458812 3
1694344915775 168.63375221726048 4
1694344915983 168.60009587165288 5
1694344916205 168.56644625641877 6
1694344916554 168.532803370212 7
1694344916770 168.49916721168654 8
1694344916998 168.46553777949677 9
1694344917208 168.4319150722972 10
1694344917368 168.39829908874265 11
1694344917523 168.36468982748832 12
1694344917709 168.33108728718958 13
1694344917878 168.29749146650204 14
1694344918049 168.2639023640816 15
1694344918211 168.2303199785845 16
1694344918368 168.19674430866723 17
1694344918543 168.16317535298646 18
1694344918692 168.1296131101992 19
1694344918850 168.09605757896267 20
1694344919008 168.06250875793455 21
1694344919181 168.02896664577244 22
1694344919354 167.99543124113458 23
1694344919519 167.96190254267927 24
1694344919670 167.92838054906505 25
1694344919966 167.89486525895086 26
1694344920202 167.86135667099583 27
1694344920395 167.82785478385935 28
1694344920601 167.79435959620113 29
