1694342673596 170.5195522826978 0
1694342673824 186.95820130152032 1
1694342673997 1011.7542158767983 2
1694342674187 26327.41315473104 3
1694342674359 794983.2218185277 4
1694342674508 24126420.649147384 5
1694342674630 732312308.7033702 6
1694342674766 22228078564.48936 7
1694342674889 674695137478.6184 8
1694342675022 20479211887968.23 9
1694342675164 621611297193128.1 10
1694342675292 1.8867943108057884e+16 11
1694342675416 5.7270400125684966e+17 12
1694342675545 1.7383446153997214e+19 13
1694342675673 5.2764464631947926e+20 14
1694342675834 1.6015746838873476e+22 15
1694342675997 4.861304830743571e+23 16
1694342676279 1.475565572755573e+25 17
1694342676528 4.478825820039058e+26 18
1694342676732 1.359470639368964e+28 19
1694342676887 4.126439592799676e+29 20
1694342677161 1.2525098534624148e+31 21
1694342677364 3.80177850115107e+32 22
1694342677563 1.1539645561956616e+34 23
1694342677727 3.502661179636496e+35 24
1694342677881 1.0631726315563118e+37 25
1694342678027 3.227077888840163e+38 26
1694342678177 9.79524057668476e+39 27
1694342678320 2.9731770121487694e+41 28
1694342678482 9.024568081166795e+42 29
