1694343949897 124.81705335139453 0
1694343950095 123.59170318033347 1
1694343950291 122.3800395735471 2
1694343950432 121.18020668687959 3
1694343950564 119.99234896770692 4
1694343950687 118.8161042915327 5
1694343951001 117.65159116553207 6
1694343951189 116.49846982844969 7
1694343951328 115.35684125659469 8
1694343951483 114.22638760286978 9
1694343951680 113.10719262409609 10
1694343951853 111.99895998876008 11
1694343952027 110.90175654092617 12
1694343952310 109.81530707223759 13
1694343952562 108.7396618163871 14
1694343952758 107.67456630180202 15
1694343952916 106.62005444989826 16
1694343953179 105.57589214547869 17
1694343953408 104.54209729154269 18
1694343953589 103.51845575473538 19
1694343953730 102.50496970932024 20
1694343953877 101.50146773330542 21
1694343954032 100.50785054790248 22
1694343954192 99.52407994608461 23
1694343954360 98.5499859960996 24
1694343954496 97.58553867046932 25
1694343954646 96.63058504350413 26
1694343954785 95.6850802880946 27
1694343954921 94.74888991392798 28
1694343955069 93.8219545502333 29
