1694345211906 169.089027582395 0
1694345212110 165.73195717333064 1
1694345212445 164.09929074255962 2
1694345212746 162.4743914099741 3
1694345213043 160.8656551534739 4
1694345213305 159.27287922596958 5
1694345213460 157.6959054620653 6
1694345213614 156.13457705336612 7
1694345213798 154.58873874892487 8
1694345213979 153.05823683870995 9
1694345214137 151.54291913831233 10
1694345214297 150.0426349737993 11
1694345214492 148.55723516671853 12
1694345214639 147.08657201925126 13
1694345214929 145.63049929951256 14
1694345215228 144.18887222699792 15
1694345215438 142.76154745817422 16
1694345215656 141.34838307221384 17
1694345216041 139.94923855687037 18
1694345216293 138.56397479449464 19
1694345216580 137.19245404818972 20
1694345216796 135.8345399481032 21
1694345216997 134.49009747785587 22
1694345217174 133.15899296110473 23
1694345217375 131.8410940482401 24
1694345217561 130.53626970321415 25
1694345217758 129.2443901905007 26
1694345217942 127.96532706218437 27
1694345218122 126.69895314517784 28
1694345218321 125.44514252856628 29
