1694344311671 159.75453491024996 0
1694344311825 159.59630081264524 1
1694344311974 159.43831414142744 2
1694344312149 159.2804847875853 3
1694344312325 159.12281266080527 4
1694344312445 158.96529760402186 5
1694344312720 158.80793946037235 6
1694344313132 158.65073807315113 7
1694344313373 158.4936932858092 8
1694344313667 158.3368049419541 9
1694344313982 158.18007288535 10
1694344314317 158.02349695991705 11
1694344314597 157.86707700973187 12
1694344314800 157.7108128790267 13
1694344314964 157.55470441218975 14
1694344315133 157.39875145376496 15
1694344315342 157.2429538484517 16
1694344315527 157.0873114411045 17
1694344315678 156.93182407673342 18
1694344315825 156.77649160050316 19
1694344315986 156.62131385773358 20
1694344316146 156.46629069389923 21
1694344316438 156.31142195462905 22
1694344316691 156.15670748570653 23
1694344316906 156.00214713306937 24
1694344317093 155.8477407428094 25
1694344317397 155.69348816117238 26
1694344317658 155.53938923455775 27
1694344317854 155.3854438095188 28
1694344318043 155.23165173276215 29
