1694346554076 159.71139328410123 0
1694346554270 159.55279858731964 1
1694346554445 159.3944670786917 2
1694346554602 159.23630927284628 3
1694346554812 159.07832504636394 4
1694346554967 158.92051420048807 5
1694346555123 158.76287653675496 6
1694346555318 158.60541185693347 7
1694346555468 158.4481199630249 8
1694346555643 158.2910006572624 9
1694346555804 158.13405374211098 10
1694346555971 157.9772790202674 11
1694346556330 157.82067629465925 12
1694346556633 157.6642453684454 13
1694346556862 157.50798604501526 14
1694346557151 157.35189812798865 15
1694346557382 157.19598142121572 16
1694346557643 157.0402357287762 17
1694346557843 156.88466085497956 18
1694346558000 156.72925660436465 19
1694346558154 156.57402278169923 20
1694346558311 156.41895919197995 21
1694346558479 156.26406564043194 22
1694346558677 156.10934193250847 23
1694346558840 155.95478787389092 24
1694346559010 155.80040327048832 25
1694346559178 155.64618792843703 26
1694346559345 155.49214165410066 27
1694346559548 155.33826425406968 28
1694346559696 155.18455553516117 29
