1694339093495 169.08902758239503 0
1694339093584 1647.0555026711227 1
1694339093675 6470061.006899064 2
1694339093775 26998198029.957558 3
1694339093902 112659614932306.08 4
1694339094007 4.70112441048677e+17 5
1694339094114 1.9617118998201062e+21 6
1694339094247 8.185942855095766e+24 7
1694339094364 3.415876736693024e+28 8
1694339094486 1.4253964493555078e+32 9
1694339094603 5.947975276772621e+35 10
1694339094837 2.4820049123241943e+39 11
1694339094989 1.0357051094106173e+43 12
1694339095172 4.32184911614367e+46 13
1694339095310 1.8034457504357612e+50 14
1694339095483 7.525520876274602e+53 15
1694339095616 3.140292101692586e+57 16
1694339095734 1.310398927341041e+61 17
1694339095846 5.468107084213686e+64 18
1694339095936 2.2817627869322987e+68 19
1694339096036 9.521469378059389e+71 20
1694339096144 3.973172830958836e+75 21
1694339096260 1.6579481294185367e+79 22
1694339096359 6.918380137969106e+82 23
1694339096476 2.886940965410792e+86 24
1694339096606 1.2046791259743605e+90 25
1694339096715 5.026953491415944e+93 26
1694339096816 2.097675709655882e+97 27
1694339096918 8.753300364513395e+100 28
1694339097020 3.6526269012267695e+104 29
