1694345131403 92.28949072982387 0
1694345131584 91.3750838041441 1
1694345131722 90.47010554787663 2
1694345131857 89.57411968504472 3
1694345132006 88.68703974979643 4
1694345132173 87.80877714717614 5
1694345132342 86.93924418595188 6
1694345132514 86.07835404741321 7
1694345132685 85.22602077683611 8
1694345133074 84.38215927487701 9
1694345133349 83.54668528905373 10
1694345133706 82.71951540531126 11
1694345133979 81.9005670396717 12
1694345134140 81.08975842996736 13
1694345134286 80.2870086276565 14
1694345134479 79.4922374897204 15
1694345134636 78.7053656706412 16
1694345134812 77.92631461446007 17
1694345134957 77.15500654691411 18
1694345135093 76.39136446765195 19
1694345135240 75.63531214252677 20
1694345135409 74.88677409596619 21
1694345135572 74.1456756034183 22
1694345135705 73.41194268387291 23
1694345135856 72.68550209245733 24
1694345136030 71.96628131310602 25
1694345136216 71.2542085513033 26
1694345136483 70.54921272689829 27
1694345136731 69.8512234669917 28
1694345136948 69.16017109889326 29
