1694339245134 169.44848662219883 0
1694339245200 137.32739704365366 1
1694339245258 111.30688593771457 2
1694339245325 90.22808183865294 3
1694339245421 73.15229931518415 4
1694339245498 59.31919345902651 5
1694339245572 48.1128692718249 6
1694339245667 39.03443316355975 7
1694339245766 31.679761594606177 8
1694339245886 25.721494920954616 9
1694339246029 20.894453176196993 10
1694339246156 16.983823292594085 11
1694339246276 13.815590964242215 12
1694339246456 11.248790522308033 13
1694339246733 9.16922730526806 14
1694339246908 7.484392692477912 15
1694339247096 6.119345162955027 16
1694339247261 5.013373819736228 17
1694339247379 4.117295707839758 18
1694339247509 3.391266508723067 19
1694339247618 2.8030070776796068 20
1694339247711 2.326366824319314 21
1694339247803 1.9401599472487392 22
1694339247895 1.6272226920876276 23
1694339248013 1.3736496494128445 24
1694339248112 1.1681750853392732 25
1694339248199 1.0016717579374232 26
1694339248319 0.8667449056200532 27
1694339248432 0.7574033323072378 28
1694339248527 0.6687929475502095 29
