1694338888414 0.2772257956381537 0
1694338888492 0.2769062577062343 1
1694338888574 0.2766381061296939 2
1694338888675 0.2764129398668528 3
1694338888766 0.27622374967618096 4
1694338888860 0.2760646849265802 5
1694338888963 0.2759308598783412 6
1694338889064 0.27581819268744334 7
1694338889156 0.2757232715510346 8
1694338889238 0.2756432433737011 9
1694338889304 0.27557572112843237 10
1694338889402 0.27551870674251505 11
1694338889577 0.2754705268811915 12
1694338889751 0.2754297794507134 13
1694338889900 0.27539528901380556 14
1694338890049 0.2753660696180103 15
1694338890158 0.27534129379204153 16
1694338890290 0.2753202666762789 17
1694338890461 0.27530240442844434 18
1694338890644 0.2752872161905532 19
1694338890779 0.27527428902357143 20
1694338890893 0.2752632753160692 21
1694338891008 0.27525388225608904 22
1694338891114 0.2752458630243048 23
1694338891215 0.2752390094237669 24
1694338891321 0.27523314570909 25
1694338891411 0.2752281234174784 26
1694338891494 0.2752238170368711 27
1694338891583 0.2752201203738618 28
1694338891675 0.2752169435068164 29
