1694341205914 0.5956037614729316 0
1694341206168 0.5344308813071856 1
1694341206348 0.48485770684226936 2
1694341206540 0.444682495719001 3
1694341206749 0.41212165984231564 4
1694341206964 0.38573032278578623 5
1694341207328 0.36433797306756993 6
1694341207726 0.3469963443832963 7
1694341207879 0.33293719915367936 8
1694341208006 0.32153813337482956 9
1694341208122 0.31229487844802023 10
1694341208226 0.30479886536879197 11
1694341208446 0.2987190512954288 12
1694341208598 0.29378719856024277 13
1694341208723 0.2897859501104613 14
1694341208845 0.286539170034298 15
1694341208968 0.28390411880242983 16
1694341209093 0.2817651146391061 17
1694341209198 0.2800283986779848 18
1694341209311 0.2786179752097076 19
1694341209428 0.2774722417838818 20
1694341209551 0.27654125912541155 21
1694341209780 0.27578453933358976 22
1694341210012 0.275169253923258 23
1694341210162 0.27466878197027217 24
1694341210305 0.27426153377242873 25
1694341210447 0.2739299977073085 26
1694341210765 0.2736599679072587 27
1694341210947 0.27343991842203974 28
1694341211143 0.2732604960603797 29
