1694343306009 169.08902758239503 0
1694343306290 165.73195717333064 1
1694343306493 162.46837641335074 2
1694343306670 159.26935036683287 3
1694343306809 156.13358413611795 4
1694343306938 153.06018688380726 5
1694343307168 150.0475500324826 6
1694343307346 147.09473115823337 7
1694343307506 144.20041795322985 8
1694343307649 141.36303453194995 9
1694343307778 138.5822516758692 10
1694343307902 135.8565582861716 11
1694343308040 133.1846882299176 12
1694343308201 130.56590238642488 13
1694343308328 127.99898921966745 14
1694343308459 125.482457021168 15
1694343308604 123.01620342455423 16
1694343308855 120.59879408522015 17
1694343309071 118.22925911537433 18
1694343309289 115.90644033895754 19
1694343309477 113.62981189384344 20
1694343309768 111.39797162949866 21
1694343309988 109.2106019485808 22
1694343310190 107.06631354282491 23
1694343310352 104.96469043206174 24
1694343310519 102.90467270682186 25
1694343310658 100.8854344027636 26
1694343310842 98.90616597840625 27
1694343310986 96.96582321790522 28
1694343311116 95.06381047154034 29
