1694346348845 159.37919792606468 0
1694346349063 159.22096093114718 1
1694346349249 159.06298725414828 2
1694346349432 158.9051868740783 3
1694346349604 158.74755966795487 4
1694346350055 158.590105437495 5
1694346350315 158.43282398470754 6
1694346350849 158.27571511183365 7
1694346351276 158.11877862134605 8
1694346351768 157.96201431594903 9
1694346352048 157.80542199857823 10
1694346352252 157.64900147240002 11
1694346352460 157.4927525408116 12
1694346352685 157.3366750074405 13
1694346352847 157.18076867614448 14
1694346353003 157.0250333510111 15
1694346353172 156.86946883635747 16
1694346353593 156.71407493673001 17
1694346353947 156.55885145690425 18
1694346354141 156.40379820188446 19
1694346354302 156.24891497690336 20
1694346354481 156.094201587422 21
1694346354679 155.93965783912924 22
1694346354836 155.78528353794175 23
1694346355005 155.63107849000357 24
1694346355158 155.4770425016859 25
1694346355365 155.32317537958673 26
1694346355532 155.16947693053075 27
1694346355682 155.015946961569 28
1694346355859 154.86258527997848 29
