1694339307893 6.108034884144489 0
1694339307969 5.965980996272818 1
1694339308049 5.842466028274742 2
1694339308139 5.734928315367754 3
1694339308231 5.64118969751093 4
1694339308334 5.559392309118274 5
1694339308441 5.487946837088551 6
1694339308529 5.425489993699457 7
1694339308622 5.370849419530317 8
1694339308705 5.32301459917622 9
1694339308895 5.281112661338828 10
1694339309082 5.2443881622114885 11
1694339309253 5.212186130359993 12
1694339309394 5.183937792993985 13
1694339309520 5.159148515770715 14
1694339309646 5.137387577418008 15
1694339309861 5.11827947145515 16
1694339310025 5.101496483991972 17
1694339310159 5.0867523420162986 18
1694339310263 5.073796763100471 19
1694339310359 5.062410766918533 20
1694339310450 5.052402632819416 21
1694339310542 5.043604407088832 22
1694339310630 5.035868879351584 23
1694339310715 5.02906696052592 24
1694339310810 5.023085405402007 25
1694339310893 5.017824831722073 26
1694339310967 5.013197994942552 27
1694339311053 5.009128283940017 28
1694339311204 5.005548408007088 29
