1694343787508 167.69800118825307 0
1694343787777 167.66473935180954 1
1694343788098 167.63148415170375 2
1694343788537 167.59823558660827 3
1694343788818 167.564993655196 4
1694343789258 167.53175835614 5
1694343789552 167.49852968811368 6
1694343789833 167.46530764979076 7
1694343790084 167.43209223984505 8
1694343790337 167.3988834569508 9
1694343790624 167.36568129978244 10
1694343790890 167.33248576701473 11
1694343791147 167.29929685732256 12
1694343791369 167.26611456938127 13
1694343791634 167.23293890186633 14
1694343792066 167.19976985345352 15
1694343792296 167.16660742281888 16
1694343792646 167.13345160863872 17
1694343792926 167.10030240958963 18
1694343793162 167.06715982434844 19
1694343793442 167.03402385159225 20
1694343793696 167.0008944899984 21
1694343793927 166.9677717382446 22
1694343794207 166.93465559500868 23
1694343794482 166.9015460589688 24
1694343794690 166.86844312880348 25
1694343794901 166.8353468031913 26
1694343795144 166.80225708081127 27
1694343795555 166.7691739603426 28
1694343795778 166.73609744046485 29
