1694346607970 169.45296342984213 0
1694346608192 166.08794953300773 1
1694346608373 164.45808607579588 2
1694346608542 162.83579793810785 3
1694346608741 161.23122794970993 4
1694346608923 159.64411375818597 5
1694346609389 158.07425783274357 6
1694346609707 156.52146456319713 7
1694346609944 154.98554061062407 8
1694346610134 153.46629487844885 9
1694346610307 151.96353848612367 10
1694346610506 150.47708474310713 11
1694346610684 149.00674912315 12
1694346610871 147.55234923888543 13
1694346611068 146.11370481671926 14
1694346611275 144.690637672017 15
1694346611484 143.28297168458425 16
1694346611910 141.89053277443674 17
1694346612418 140.5131488778567 18
1694346612764 139.15064992373217 19
1694346613039 137.8028678101761 20
1694346613252 136.46963638142125 21
1694346613464 135.15079140498852 22
1694346613669 133.84617054912468 23
1694346613875 132.55561336050695 24
1694346614035 131.27896124221073 25
1694346614209 130.0160574319377 26
1694346614374 128.766746980501 27
1694346614563 127.53087673056483 28
1694346614748 126.3082952956346 29
