1694343285944 166.456467382652 0
1694343286159 166.39067260820772 1
1694343286365 166.3292595500003 2
1694343286541 166.26793015023756 3
1694343286815 166.206705009905 4
1694343287112 166.14558336847293 5
1694343287325 166.08456456862524 6
1694343287477 166.02364795833097 7
1694343287628 165.96283289123704 8
1694343287781 165.90211872661519 9
1694343287965 165.84150482931153 10
1694343288112 165.78099056969643 11
1694343288261 165.72057532361498 12
1694343288441 165.66025847233752 13
1694343288612 165.6000394025113 14
1694343288763 165.53991750611198 15
1694343288908 165.47989218039575 16
1694343289056 165.41996282785198 17
1694343289347 165.3601288561562 18
1694343289598 165.30038967812337 19
1694343289820 165.2407447116621 20
1694343289982 165.18119337972846 21
1694343290171 165.12173511028095 22
1694343290461 165.06236933623543 23
1694343290682 165.00309549542072 24
1694343290880 164.9439130305344 25
1694343291058 164.88482138909902 26
1694343291180 164.82582002341903 27
1694343291326 164.7669083905375 28
1694343291484 164.7080859521939 29
