1694345252139 164.27442988752256 0
1694345252337 164.1103992915942 1
1694345252531 163.9467481031657 2
1694345252936 163.78326031179998 3
1694345253397 163.6199358745584 4
1694345253617 163.45677462811688 5
1694345253853 163.29377640937935 6
1694345254053 163.13094105541282 7
1694345254274 162.96826840344707 8
1694345254482 162.8057582908746 9
1694345254651 162.64341055525057 10
1694345254805 162.48122503429246 11
1694345254991 162.3192015658799 12
1694345255155 162.15733998805464 13
1694345255332 161.99564013902037 14
1694345255486 161.8341018571425 15
1694345255637 161.67272498094798 16
1694345255815 161.5115093491251 17
1694345255988 161.35045480052364 18
1694345256185 161.18956117415416 19
1694345256535 161.02882830918853 20
1694345256769 160.86825604495894 21
1694345256999 160.70784422095852 22
1694345257345 160.54759267684074 23
1694345257600 160.38750125241938 24
1694345257795 160.22756978766833 25
1694345258027 160.0677981227214 26
1694345258227 159.90818609787237 27
1694345258402 159.7487335535744 28
1694345258570 159.58944033044034 29
