1694345703463 55.32412822487579 0
1694345703616 54.391951224622076 1
1694345703926 53.478797102129334 2
1694345704188 52.584250252855846 3
1694345704403 51.70790453972139 4
1694345704590 50.84936307227785 5
1694345704740 50.008237991097744 6
1694345704896 49.184150257256746 7
1694345705062 48.37672944678886 8
1694345705183 47.585613549995955 9
1694345705323 46.810448775496035 10
1694345705469 46.05088935889783 11
1694345705621 45.30659737599119 12
1694345705774 44.57724256034631 13
1694345705904 43.86250212521667 14
1694345706042 43.16206058964336 15
1694345706190 42.47560960866107 16
1694345706390 41.802847807508016 17
1694345706680 41.143480619744764 18
1694345706936 40.49722012918893 19
1694345707119 39.863784915575245 20
1694345707322 39.24289990385215 21
1694345707610 38.63429621702892 22
1694345707812 38.03771103248854 23
1694345707951 37.45288744168432 24
1694345708108 36.8795743131398 25
1694345708304 36.31752615867333 26
1694345708445 35.76650300277096 27
1694345708576 35.226270255032816 28
1694345708696 34.69659858561997 29
