1694346238495 169.08902758239503 0
1694346238647 168.7518028837776 1
1694346238803 168.58372113515827 2
1694346238978 168.41572281207925 3
1694346239144 168.24790908949828 4
1694346239319 168.08027969545648 5
1694346239477 167.9128344191048 6
1694346239835 167.74557304980442 7
1694346240145 167.57849537716314 8
1694346240303 167.41160119103486 9
1694346240458 167.24489028151953 10
1694346240594 167.07836243896256 11
1694346240735 166.9120174539549 12
1694346240926 166.74585511733238 13
1694346241111 166.57987522017564 14
1694346241285 166.4140775538097 15
1694346241426 166.24846190980404 16
1694346241561 166.08302807997165 17
1694346241728 165.91777585636936 18
1694346241899 165.7527050312973 19
1694346242119 165.58781539729844 20
1694346242444 165.42310674715876 21
1694346242713 165.25857887390643 22
1694346242889 165.09423157081193 23
1694346243277 164.93006463138758 24
1694346243538 164.76607784938722 25
1694346243735 164.60227101880614 26
1694346243894 164.43864393388043 27
1694346244092 164.27519638908706 28
1694346244275 164.11192817914346 29
