1694345719044 169.089027582395 0
1694345719270 168.75180288377769 1
1694345719483 168.41531936932148 2
1694345719631 168.07957534242044 3
1694345719808 167.74456911044095 4
1694345719971 167.41029898471223 5
1694345720203 167.0767632805172 6
1694345720379 166.74396031708292 7
1694345720544 166.4118884175712 8
1694345720682 166.08054590906946 9
1694345720855 165.74993112258127 10
1694345721002 165.42004239301735 11
1694345721167 165.0908780591857 12
1694345721336 164.7624364637832 13
1694345721474 164.4347159533856 14
1694345721657 164.1077148784389 15
1694345721933 163.78143159324995 16
1694345722163 163.4558644559773 17
1694345722345 163.13101182862198 18
1694345722583 162.8068720770188 19
1694345722846 162.48344357082667 20
1694345723065 162.16072468352002 21
1694345723232 161.83871379237954 22
1694345723418 161.5174092784833 23
1694345723588 161.19680952669754 24
1694345723745 160.8769129256679 25
1694345723899 160.55771786781042 26
1694345724040 160.2392227493025 27
1694345724247 159.9214259700742 28
1694345724406 159.60432593379906 29
