1694346588127 168.67583491079736 0
1694346588320 168.6589768929438 1
1694346588517 168.64213042226257 2
1694346588707 168.62528580603367 3
1694346588879 168.60844304485684 4
1694346589113 168.59160213851922 5
1694346589521 168.57476308680793 6
1694346589814 168.55792588951022 7
1694346590074 168.54109054641327 8
1694346590409 168.52425705730437 9
1694346590762 168.50742542197082 10
1694346591070 168.49059564019993 11
1694346591263 168.47376771177898 12
1694346591495 168.45694163649534 13
1694346591707 168.44011741413647 14
1694346591910 168.42329504448966 15
1694346592170 168.40647452734245 16
1694346592339 168.38965586248221 17
1694346592582 168.37283904969652 18
1694346592782 168.35602408877278 19
1694346592964 168.33921097949857 20
1694346593426 168.32239972166147 21
1694346593734 168.305590315049 22
1694346593946 168.28878275944885 23
1694346594111 168.27197705464857 24
1694346594279 168.25517320043585 25
1694346594454 168.2383711965984 26
1694346594654 168.22157104292387 27
1694346594850 168.20477273920005 28
1694346595048 168.18797628521466 29
