1694338599741 169.08902758239503 0
1694338599787 137.0359812026933 1
1694338599841 125.39324586198728 2
1694338599897 113.85345080430795 3
1694338599966 103.43284502072174 4
1694338600028 93.96790731299424 5
1694338600084 85.37895111376854 6
1694338600148 77.58152814051974 7
1694338600206 70.50308915338738 8
1694338600268 64.07719239526403 9
1694338600335 58.24348303663828 10
1694338600398 52.94720785329499 11
1694338600465 48.13868424580914 12
1694338600529 43.77283112594479 13
1694338600594 39.80874219313677 14
1694338600770 36.20929889344587 15
1694338600830 32.94081928163608 16
1694338600889 29.972739460158543 17
1694338600958 27.277324570470782 18
1694338601035 24.82940659355351 19
1694338601106 22.60614647122883 20
1694338601177 20.58681829098404 21
1694338601350 18.752613486630647 22
1694338601438 17.086463197272437 23
1694338601533 15.572877099535651 24
1694338601631 14.197797184467756 25
1694338601703 12.948465092430512 26
1694338601767 11.813301748048627 27
1694338601834 10.781798154052785 28
1694338601893 9.844416308786725 29
