1694339057457 5.992607073382979e+211 0
1694339057530 3.903901595293172e+213 1
1694339057615 2.5434122038347692e+215 2
1694339057722 1.6570476293044917e+217 3
1694339057832 1.0795760387805249e+219 4
1694339057942 7.033499840525523e+220 5
1694339058057 4.582365505502123e+222 6
1694339058172 2.9854374212152157e+224 7
1694339058282 1.9450296108615404e+226 8
1694339058393 1.2671979523818932e+228 9
1694339058511 8.255867373708472e+229 10
1694339058625 5.3787449675204724e+231 11
1694339058809 3.5042832104788795e+233 12
1694339059040 2.283060619790859e+235 13
1694339059285 1.4874270943778771e+237 14
1694339059495 9.690672870929291e+238 15
1694339059677 6.313528982114057e+240 16
1694339060054 4.1133003599337915e+242 17
1694339060241 2.6798387873030986e+244 18
1694339060407 1.7459303472916788e+246 19
1694339060579 1.1374836397012138e+248 20
1694339060736 7.410771183369376e+249 21
1694339060844 4.828159950211124e+251 22
1694339060922 3.1455739123528105e+253 23
1694339061034 2.0493594537276896e+255 24
1694339061170 1.3351694436712926e+257 25
1694339061278 8.698705539776922e+258 26
1694339061376 5.667256573793682e+260 27
1694339061472 3.692250177493786e+262 28
1694339061576 2.4055221773869853e+264 29
