1694342643892 170.50949510272685 0
1694342644084 170.27661368931845 1
1694342644225 170.0587942374091 2
1694342644382 169.85416055993088 3
1694342644548 169.6610727401497 4
1694342644684 169.4780973733826 5
1694342644815 169.30398155678287 6
1694342644995 169.13763015512225 7
1694342645307 168.97808592995852 8
1694342645501 168.82451217154107 9
1694342645727 168.6761775182366 10
1694342645906 168.5324426879534 11
1694342646063 168.39274888074888 12
1694342646186 168.25660764213308 13
1694342646330 168.12359200309328 14
1694342646464 167.99332873603652 15
1694342646620 167.8654915860987 16
1694342646776 167.73979535497355 17
1694342646941 167.6159907298853 18
1694342647056 167.49385976385483 19
1694342647186 167.37321192522728 20
1694342647333 167.2538806447642 21
1694342647471 167.13572029763 22
1694342647609 167.01860356549878 23
1694342647865 166.90241913090446 24
1694342648094 166.78706966198877 25
1694342648304 166.67247005107072 26
1694342648449 166.55854587506883 27
1694342648631 166.44523204983398 28
1694342648901 166.33247165396912 29
