1694338798876 3.2886338480117843e+108 0
1694338798983 1.0309138612864026e+112 1
1694338799088 3.2317553191991847e+115 2
1694338799183 1.0131050566652002e+119 3
1694338799276 3.1759268763332823e+122 4
1694338799356 9.956037093390843e+125 5
1694338799458 3.121062872814889e+129 6
1694338799566 9.784046970385395e+132 7
1694338799669 3.0671466426554534e+136 8
1694338799878 9.615027969537672e+139 9
1694338800059 3.014161813109527e+143 10
1694338800217 9.448928764837077e+146 11
1694338800361 2.9620922942706435e+150 12
1694338800458 9.285698916927742e+153 13
1694338800598 2.9109222741847254e+157 14
1694338800792 9.125288857791485e+160 15
1694338800966 2.860636214048533e+164 16
1694338801125 8.967649875695481e+167 17
1694338801239 2.811218843491058e+171 18
1694338801366 8.812734100400298e+174 19
1694338801445 2.7626551559362892e+178 20
1694338801562 8.660494488622613e+181 21
1694338801686 2.7149304040461468e+185 22
1694338801855 8.510884809749992e+188 23
1694338801975 2.668030095242251e+192 24
1694338802091 8.363859631801869e+195 25
1694338802190 2.6219399873048733e+199 26
1694338802288 8.219374307633198e+202 27
1694338802384 2.576646084048045e+206 28
1694338802478 8.077384961376528e+209 29
