1694338616529 0.9036752804096028 0
1694338616601 0.8570221452501817 1
1694338616683 0.814192828913066 2
1694338616750 0.7750425566287916 3
1694338616816 0.7392334335444894 4
1694338616965 0.7064694329103013 5
1694338617075 0.6764807611830016 6
1694338617160 0.6490221137225454 7
1694338617249 0.6238703897058937 8
1694338617336 0.6008226580308572 9
1694338617397 0.5796943088353563 10
1694338617461 0.5603173757930944 11
1694338617536 0.542539013220461 12
1694338617631 0.5262201136539434 13
1694338617813 0.5112340528821632 14
1694338617897 0.4974655506264899 15
1694338617977 0.48480963616086686 16
1694338618057 0.4731707091561566 17
1694338618136 0.4624616869363361 18
1694338618202 0.45260323015203296 19
1694338618265 0.4435230396188741 20
1694338618328 0.43515521774114924 21
1694338618393 0.4274396885516513 22
1694338618454 0.42032167095223577 23
1694338618510 0.4137512002417937 24
1694338618578 0.407682693473858 25
1694338618649 0.40207455459920205 26
1694338618737 0.39688881572359386 27
1694338618833 0.3920908111508363 28
1694338618916 0.387648881189586 29
