1694343465955 169.089027582395 0
1694343466103 165.73195717333064 1
1694343466263 162.46837641335074 2
1694343466394 159.26935036683287 3
1694343466543 156.13358413611795 4
1694343466680 153.06018688380726 5
1694343466818 150.0475500324826 6
1694343466959 147.09473115823337 7
1694343467117 144.20041795322985 8
1694343467379 141.36303453194995 9
1694343467579 138.5822516758692 10
1694343467769 135.85655828617166 11
1694343467914 133.1846882299176 12
1694343468041 130.5659023864249 13
1694343468176 127.99898921966745 14
1694343468334 125.482457021168 15
1694343468481 123.01620342455423 16
1694343468610 120.59879408522015 17
1694343468730 118.22925911537432 18
1694343468870 115.90644033895752 19
1694343469021 113.62981189384341 20
1694343469166 111.39797162949863 21
1694343469308 109.21060194858079 22
1694343469443 107.06631354282491 23
1694343469580 104.96469043206174 24
1694343469699 102.90467270682186 25
1694343469939 100.8854344027636 26
1694343470134 98.90616597840624 27
1694343470304 96.96582321790522 28
1694343470454 95.06381047154034 29
