1694338967880 169.45591735483836 0
1694338967963 137.32678698921677 1
1694338968044 111.84899946511847 2
1694338968128 91.59361598480679 3
1694338968179 75.44549745829448 4
1694338968236 62.53352899009329 5
1694338968303 52.176467501496724 6
1694338968357 43.84090078829951 7
1694338968422 37.108597421539464 8
1694338968482 31.651139542025113 9
1694338968553 27.210205076342636 10
1694338968645 23.582233404159233 11
1694338968736 20.606493178185648 12
1694338968836 18.155791529556986 13
1694338968950 16.12923475209978 14
1694338969062 14.44658295141174 15
1694338969185 13.04384374248909 16
1694338969410 11.869829598833318 17
1694338969612 10.883465097163565 18
1694338969783 10.051678092441476 19
1694338969906 9.347745916924351 20
1694338970021 8.749996440138869 21
1694338970128 8.240786125168812 22
1694338970245 7.805694519931264 23
1694338970340 7.432888053063588 24
1694338970439 7.11261643263363 25
1694338970529 6.8368130462120895 26
1694338970622 6.598777055284208 27
1694338970698 6.392919770378709 28
1694338970769 6.21456169946581 29
