1694342768175 169.08902758239503 0
1694342768416 169.23188601709296 1
1694342768614 579.6003094491589 2
1694342768770 15714.45517163528 3
1694342768941 569498.4900237613 4
1694342769208 20822868.651135992 5
1694342769444 761551062.7463111 6
1694342769659 27852217294.45713 7
1694342769890 1018639800093.6208 8
1694342770125 37254737259219.64 9
1694342770366 1362518379359893.2 10
1694342770592 4.983141663421517e+16 11
1694342770821 1.8224855689329216e+18 12
1694342771019 6.665380744336001e+19 13
1694342771175 2.437731262419813e+21 14
1694342771415 8.915520261657395e+22 15
1694342771626 3.2606753156671325e+24 16
1694342771950 1.1925275477108762e+26 17
1694342772183 4.361433796294286e+27 18
1694342772348 1.5951082049192065e+29 19
1694342772521 5.833792977810212e+30 20
1694342772811 2.13359447359069e+32 21
1694342773014 7.803200070780487e+33 22
1694342773200 2.853866191458345e+35 23
1694342773358 1.0437451513317896e+37 24
1694342773538 3.817291589175466e+38 25
1694342773755 1.39609894792772e+40 26
1694342773962 5.105955955609612e+41 27
1694342774121 1.8674024688094678e+43 28
1694342774353 6.829655427568909e+44 29
