1694345669267 168.4181501190981 0
1694345669468 168.3845557771828 1
1694345669621 168.35096882314014 2
1694345669867 168.31738925527767 3
1694345670191 168.2838170719035 4
1694345670413 168.25025227132616 5
1694345670665 168.21669485185433 6
1694345671043 168.18314481179735 7
1694345671307 168.14960214946478 8
1694345671595 168.1160668631667 9
1694345671777 168.08253895121356 10
1694345671933 168.0490184119161 11
1694345672119 168.0155052435856 12
1694345672332 167.9819994445336 13
1694345672536 167.94850101307225 14
1694345672716 167.91500994751382 15
1694345672881 167.8815262461711 16
1694345673043 167.8480499073574 17
1694345673251 167.8145809293862 18
1694345673486 167.78111931057154 19
1694345673778 167.74766504922778 20
1694345674028 167.7142181436697 21
1694345674240 167.68077859221248 22
1694345674457 167.6473463931716 23
1694345674812 167.61392154486316 24
1694345675070 167.58050404560342 25
1694345675310 167.54709389370913 26
1694345675508 167.51369108749748 27
1694345675697 167.48029562528592 28
1694345675879 167.4469075053925 29
