1694342965032 2.885415097352175e+88 0
1694342965179 5.870931538504122e+87 1
1694342965300 4.89076545818918e+87 2
1694342965433 7.990921261938084e+86 3
1694342965582 8.469782832092608e+86 4
1694342965705 1.0278060568283281e+86 5
1694342965848 1.506714391787698e+86 6
1694342965969 1.231840355913088e+85 7
1694342966120 2.7855153157269137e+85 8
1694342966284 1.5595426290353695e+84 9
1694342966430 5.570920226221958e+84 10
1694342966722 4.5982192360550836e+83 11
1694342966922 1.389751488108353e+84 12
1694342967125 3.7128963250111315e+83 13
1694342967280 5.701041121891155e+83 14
1694342967445 3.5941464712840883e+83 15
1694342967689 3.9653274004625273e+83 16
1694342967904 3.488088353476837e+83 17
1694342968060 3.52097130324073e+83 18
1694342968181 3.381101926388383e+83 19
1694342968307 3.348058088695487e+83 20
1694342968428 3.2810997936928914e+83 21
1694342968561 3.2374890173748064e+83 22
1694342968668 3.188075255712607e+83 23
1694342968793 3.1445022259013385e+83 24
1694342968897 3.1006771124781636e+83 25
1694342969021 3.0589264307350155e+83 26
1694342969168 3.0179440092474846e+83 27
1694342969303 2.978165819389238e+83 28
1694342969444 2.939286734658454e+83 29
