1694344631980 168.4178577621534 0
1694344632172 168.38424331183342 1
1694344632369 168.35063558363555 2
1694344632555 168.3170345762152 3
1694344632733 168.28344028822806 4
1694344632917 168.2498527183301 5
1694344633167 168.21627186517745 6
1694344633334 168.18269772742673 7
1694344633671 168.14913030373458 8
1694344633919 168.11556959275802 9
1694344634145 168.08201559315447 10
1694344634480 168.04846830358133 11
1694344634752 168.01492772269654 12
1694344634987 167.98139384915814 13
1694344635257 167.94786668162453 14
1694344635440 167.9143462187543 15
1694344635623 167.8808324592064 16
1694344635817 167.84732540163995 17
1694344636030 167.81382504471443 18
1694344636214 167.78033138708955 19
1694344636387 167.74684442742523 20
1694344636679 167.7133641643818 21
1694344636859 167.6798905966197 22
1694344637046 167.6464237227997 23
1694344637437 167.61296354158293 24
1694344637722 167.57951005163065 25
1694344638063 167.5460632516044 26
1694344638320 167.5126231401661 27
1694344638516 167.47918971597787 28
1694344638711 167.44576297770206 29
