1694339286742 169.44641759876646 0
1694339286839 137.32569185897447 1
1694339286949 125.42247503298066 2
1694339287067 113.7831523848192 3
1694339287184 103.26498949710418 4
1694339287307 93.719880614645 5
1694339287418 85.05980337285675 6
1694339287534 77.20258160166881 7
1694339287650 70.07377633440032 8
1694339287762 63.60584636989757 9
1694339287883 57.73751452864074 10
1694339288051 52.41318631273529 11
1694339288280 47.58242282204311 12
1694339288435 43.199462555015565 13
1694339288593 39.222787574526166 14
1694339288740 35.61472992088354 15
1694339288856 32.34111453734041 16
1694339288968 29.37093532003823 17
1694339289091 26.67606121880951 18
1694339289198 24.230969600539343 19
1694339289320 22.012504345577693 20
1694339289409 19.999656382457147 21
1694339289513 18.173364579136944 22
1694339289623 16.51633510219025 23
1694339289731 15.012877530610934 24
1694339289819 13.648756169907621 25
1694339289919 12.411055156384604 26
1694339290027 11.288056072353724 27
1694339290119 10.26912691172055 28
1694339290234 9.344621343070942 29
