1694338639113 0.5956037614729316 0
1694338639182 0.5344308813071856 1
1694338639258 0.4848577068422693 2
1694338639332 0.4446824957190011 3
1694338639411 0.4121216598423156 4
1694338639486 0.38573032278578623 5
1694338639545 0.36433797306757104 6
1694338639632 0.34699634438329735 7
1694338639710 0.3329371991536802 8
1694338639772 0.32153813337483034 9
1694338639840 0.31229487844802095 10
1694338639904 0.3047988653687927 11
1694338639972 0.2987190512954288 12
1694338640039 0.2937871985602427 13
1694338640108 0.28978595011046127 14
1694338640177 0.286539170034298 15
1694338640243 0.28390411880242983 16
1694338640313 0.2817651146391061 17
1694338640381 0.28002839867798474 18
1694338640451 0.27861797520970755 19
1694338640508 0.2774722417838818 20
1694338640570 0.27654125912541155 21
1694338640634 0.27578453933358976 22
1694338640722 0.275169253923258 23
1694338640859 0.27466878197027217 24
1694338640958 0.27426153377242873 25
1694338641065 0.2739299977073085 26
1694338641163 0.27365996790725877 27
1694338641263 0.27343991842203974 28
1694338641374 0.27326049606037967 29
