1694338704299 169.089027582395 0
1694338704344 137.0359812026933 1
1694338704386 125.73884667105403 2
1694338704431 114.52898781636661 3
1694338704470 104.49273255499442 4
1694338704523 95.44189945339824 5
1694338704562 87.2787340730616 6
1694338704608 79.91158724962304 7
1694338704654 73.25878325033652 8
1694338704693 67.2472705842865 9
1694338704736 61.81171083269667 10
1694338704780 56.89364869370451 11
1694338704831 52.4407731688417 12
1694338704872 48.406258806060144 13
1694338704922 44.74817833946443 14
1694338704960 41.428978939104034 15
1694338704998 38.41501514009191 16
1694338705041 35.67613227769876 17
1694338705090 33.18529492980109 18
1694338705154 30.918255468885544 19
1694338705214 28.853258360855936 20
1694338705272 26.970776324359857 21
1694338705323 25.2532748886701 22
1694338705381 23.685002266038357 23
1694338705442 22.251801790971495 24
1694338705496 20.94094447859795 25
1694338705559 19.74097952122338 26
1694338705620 18.641600779916615 27
1694338705715 17.633527539711327 28
1694338705876 16.708397985608723 29
