1694346154730 159.37919792606468 0
1694346155163 159.22096093114712 1
1694346155501 159.0629872541483 2
1694346155740 158.9051868740783 3
1694346156077 158.7475596679549 4
1694346156301 158.590105437495 5
1694346156561 158.43282398470754 6
1694346156740 158.27571511183362 7
1694346156971 158.11877862134602 8
1694346157195 157.962014315949 9
1694346157360 157.80542199857823 10
1694346157517 157.64900147240002 11
1694346157690 157.49275254081155 12
1694346157882 157.3366750074405 13
1694346158044 157.18076867614448 14
1694346158230 157.0250333510111 15
1694346158415 156.86946883635747 16
1694346158599 156.71407493673001 17
1694346158926 156.55885145690428 18
1694346159197 156.40379820188446 19
1694346159433 156.24891497690336 20
1694346159625 156.094201587422 21
1694346159816 155.93965783912924 22
1694346159993 155.78528353794175 23
1694346160167 155.63107849000357 24
1694346160352 155.4770425016859 25
1694346160548 155.32317537958673 26
1694346160733 155.16947693053075 27
1694346160892 155.015946961569 28
1694346161080 154.86258527997848 29
