1694338939988 0.7144827343113335 0
1694338940073 0.6741389236153027 1
1694338940151 0.6371552091437701 2
1694338940253 0.6036205080844453 3
1694338940348 0.5731950779314128 4
1694338940447 0.5455913222014005 5
1694338940532 0.5205473307779976 6
1694338940621 0.49782556297941993 7
1694338940712 0.4772105306355701 8
1694338940791 0.4585067522749765 9
1694338940885 0.4415368946764966 10
1694338941001 0.42614008725571073 11
1694338941111 0.4121703930756482 12
1694338941323 0.39949542192731835 13
1694338941486 0.3879950722724603 14
1694338941630 0.37756039006978775 15
1694338941758 0.3680925336201939 16
1694338941869 0.3595018345768282 17
1694338941996 0.35170694618236786 18
1694338942204 0.34463407062693896 19
1694338942360 0.338216258173926 20
1694338942501 0.3323927713845632 21
1694338942623 0.32710850839223965 22
1694338942726 0.3223134797398127 23
1694338942827 0.31796233380327393 24
1694338942902 0.3140139262877186 25
1694338943000 0.3104309297011395 26
1694338943092 0.30717947909214166 27
1694338943186 0.3042288506828307 28
1694338943292 0.3015511703411993 29
