1694346507839 169.45647121344197 0
1694346508074 166.0913824216245 1
1694346508281 164.4614826874893 2
1694346508487 162.83915845389103 3
1694346508796 161.23455277111853 4
1694346509028 159.64740328090193 5
1694346509244 158.07751244797416 6
1694346509499 156.52468465771827 7
1694346509707 154.98872656683128 8
1694346509914 153.46944707440704 9
1694346510109 151.96665729561687 10
1694346510296 150.48017053568705 11
1694346510532 149.00980226418466 12
1694346510742 147.55537008960684 13
1694346510903 146.1166937342706 14
1694346511079 144.69359500949955 15
1694346511391 143.28589779110322 16
1694346511749 141.89342799514714 17
1694346511962 140.51601355400848 18
1694346512287 139.1534843927148 19
1694346512616 137.8056724055625 20
1694346512873 136.47241143301162 21
1694346513081 135.15353723885326 22
1694346513264 133.84888748764712 23
1694346513458 132.5583017224253 24
1694346513655 131.28162134265995 25
1694346513854 130.01868958249042 26
1694346514060 128.76935148920836 27
1694346514248 127.5334539019966 28
1694346514434 126.310845430919 29
