1694345598908 169.08902758239503 0
1694345599084 165.73195717333064 1
1694345599284 162.4482792272323 2
1694345599503 159.23632318611757 3
1694345599698 156.09445738466368 4
1694345599863 153.02108813373962 5
1694345600350 150.0146588256723 6
1694345600668 147.07364906072937 7
1694345600948 144.19657379431263 8
1694345601153 141.38198250437168 9
1694345601349 138.62845837855426 10
1694345601517 135.93461752062532 11
1694345601669 133.29910817569566 12
1694345601839 130.72060997381323 13
1694345602023 128.19783319147962 14
1694345602198 125.72951803066591 15
1694345602343 123.31443391491179 16
1694345602492 120.95137880210063 17
1694345602809 118.63917851351546 18
1694345603103 116.37668607878707 19
1694345603303 114.16278109635772 20
1694345603503 111.99636910909038 21
1694345603777 109.8763809946642 22
1694345604013 107.80177237040412 23
1694345604211 105.77152301220175 24
1694345604393 103.7846362871925 25
1694345604574 101.84013859986156 26
1694345604723 99.93707885126017 27
1694345604910 98.07452791101986 28
1694345605061 96.2515781018612 29
