1694344764858 51.01661206197152 0
1694344765087 50.00614242986881 1
1694344765296 49.01580836776009 2
1694344765473 48.04520840319138 3
1694344765680 47.093949073477305 4
1694344765978 46.16164476577511 5
1694344766323 45.24791756035509 6
1694344766635 44.35239707700334 7
1694344766854 43.47472032449423 8
1694344767098 42.614531553071245 9
1694344767453 41.771482109875805 10
1694344767713 40.94523029726514 11
1694344767988 40.13544123396159 12
1694344768233 39.34178671897635 13
1694344768447 38.56394509825239 14
1694344768666 37.801601133972206 15
1694344768853 37.05444587647666 16
1694344769026 36.32217653874328 17
1694344769197 35.60449637337229 18
1694344769342 34.90111455203049 19
1694344769495 34.21174604730381 20
1694344769651 33.53611151691012 21
1694344770019 32.87393719022545 22
1694344770263 32.224954757076986 23
1694344770474 31.588901258757794 24
1694344770730 30.965518981218594 25
1694344771079 30.35455535039325 26
1694344771294 29.75576282961516 27
1694344771489 29.168898819082795 28
1694344771676 28.593725557333382 29
