1694342559986 166.62478681082203 0
1694342560211 166.51394244743304 1
1694342560429 166.403390538688 2
1694342560580 166.2931147893466 3
1694342560695 166.18310066814033 4
1694342560801 166.07333521416447 5
1694342560952 165.96380686452454 6
1694342561187 165.85450530090384 7
1694342561296 165.74542131297423 8
1694342561401 165.63654667680217 9
1694342561515 165.52787404660273 10
1694342561629 165.41939685837724 11
1694342561760 165.31110924412923 12
1694342561892 165.2030059554976 13
1694342562018 165.09508229577375 14
1694342562136 164.9873340593811 15
1694342562258 164.87975747799922 16
1694342562385 164.77234917260165 17
1694342562522 164.66510611075947 18
1694342562787 164.55802556863182 19
1694342563006 164.45110509712913 20
1694342563206 164.34434249179066 21
1694342563342 164.23773576596898 22
1694342563551 164.1312831269583 23
1694342563789 164.02498295474305 24
1694342563994 163.9188337830797 25
1694342564176 163.81283428265507 26
1694342564304 163.70698324609376 27
1694342564409 163.60127957461103 28
1694342564552 163.49572226613122 29
