1694345118130 169.08902758239503 0
1694345118303 165.73195717333064 1
1694345118476 164.09929074255962 2
1694345118644 162.47439140997415 3
1694345118851 160.8656551534739 4
1694345119049 159.27287922596958 5
1694345119451 157.6959054620653 6
1694345119751 156.13457705336612 7
1694345119977 154.58873874892487 8
1694345120194 153.05823683870997 9
1694345120381 151.54291913831233 10
1694345120547 150.0426349737993 11
1694345120724 148.55723516671853 12
1694345120921 147.08657201925124 13
1694345121097 145.63049929951254 14
1694345121280 144.18887222699792 15
1694345121432 142.76154745817422 16
1694345121594 141.34838307221386 17
1694345121771 139.94923855687034 18
1694345122119 138.56397479449464 19
1694345122394 137.19245404818972 20
1694345122708 135.8345399481032 21
1694345123029 134.49009747785587 22
1694345123251 133.15899296110473 23
1694345123449 131.8410940482401 24
1694345123681 130.53626970321415 25
1694345123869 129.2443901905007 26
1694345124062 127.96532706218436 27
1694345124220 126.69895314517784 28
1694345124380 125.44514252856625 29
