1694346481875 169.25142872007626 0
1694346482089 169.23451985337792 1
1694346482336 169.21763415140185 2
1694346482641 169.20075030502917 3
1694346482897 169.1838683154589 4
1694346483062 169.16698818247818 5
1694346483250 169.15010990587436 6
1694346483394 169.13323348543483 7
1694346483572 169.116358920947 8
1694346483743 169.0994862121982 9
1694346483901 169.08261535897594 10
1694346484110 169.06574636106768 11
1694346484312 169.04887921826082 12
1694346484465 169.032013930343 13
1694346484611 169.01515049710167 14
1694346484808 168.99828891832442 15
1694346485168 168.98142919379882 16
1694346485407 168.96457132331247 17
1694346485626 168.947715306653 18
1694346485845 168.93086114360818 19
1694346486163 168.91400883396557 20
1694346486421 168.89715837751294 21
1694346486654 168.88030977403798 22
1694346486875 168.86346302332848 23
1694346487066 168.84661812517223 24
1694346487247 168.82977507935703 25
1694346487448 168.81293388567073 26
1694346487632 168.79609454390118 27
1694346487821 168.77925705383626 28
1694346487982 168.76242141526387 29
