1694345154878 164.27442988752253 0
1694345155076 164.11039929159423 1
1694345155256 163.9467481031657 2
1694345155425 163.78326031179998 3
1694345155612 163.6199358745584 4
1694345155833 163.45677462811685 5
1694345156021 163.29377640937935 6
1694345156196 163.13094105541282 7
1694345156366 162.96826840344707 8
1694345156556 162.80575829087462 9
1694345156727 162.6434105552506 10
1694345156924 162.48122503429246 11
1694345157209 162.31920156587987 12
1694345157441 162.15733998805464 13
1694345157705 161.9956401390204 14
1694345157894 161.8341018571425 15
1694345158178 161.67272498094798 16
1694345158450 161.5115093491251 17
1694345158650 161.35045480052364 18
1694345158821 161.18956117415416 19
1694345159005 161.02882830918853 20
1694345159159 160.8682560449589 21
1694345159303 160.70784422095852 22
1694345159462 160.54759267684074 23
1694345159603 160.38750125241938 24
1694345159787 160.22756978766833 25
1694345159959 160.06779812272143 26
1694345160129 159.90818609787232 27
1694345160292 159.74873355357437 28
1694345160458 159.58944033044034 29
