1694344502134 159.58874206152686 0
1694344502309 159.27039432496795 1
1694344502500 158.95268292014785 2
1694344502667 158.63560657482714 3
1694344502817 158.31916401931045 4
1694344503112 158.00335398644157 5
1694344503328 157.6881752115984 6
1694344503550 157.37362643268767 7
1694344503772 157.05970639013995 8
1694344503969 156.74641382690479 9
1694344504254 156.43374748844533 10
1694344504494 156.12170612273374 11
1694344504751 155.8102884802457 12
1694344504905 155.49949331395572 13
1694344505053 155.18931937933212 14
1694344505208 154.87976543433192 15
1694344505409 154.5708302393958 16
1694344505585 154.26251255744356 17
1694344505749 153.95481115386843 18
1694344505900 153.64772479653294 19
1694344506109 153.3412522557633 20
1694344506301 153.03539230434492 21
1694344506497 152.7301437175173 22
1694344506867 152.42550527296905 23
1694344507169 152.12147575083318 24
1694344507459 151.81805393368217 25
1694344507695 151.5152386065229 26
1694344507946 151.213028556792 27
1694344508166 150.91142257435095 28
1694344508348 150.61041945148108 29
