1694345161078 159.34894128742405 0
1694345161285 159.18973792553257 1
1694345161444 159.0307835061861 2
1694345161721 158.8719881088805 3
1694345162009 158.71335164074014 4
1694345162231 158.5548739425624 5
1694345162383 158.3965548553497 6
1694345162576 158.23839422026376 7
1694345162733 158.08039187862542 8
1694345162858 157.92254767191469 9
1694345162991 157.7648614417702 10
1694345163154 157.60733302998955 11
1694345163392 157.4499622785286 12
1694345163597 157.2927490295018 13
1694345163807 157.13569312518175 14
1694345164008 156.97879440799912 15
1694345164218 156.8220527205424 16
1694345164549 156.66546790555793 17
1694345164886 156.50903980594964 18
1694345165269 156.3527682647789 19
1694345165653 156.19665312526416 20
1694345165993 156.04069423078124 21
1694345166217 155.88489142486273 22
1694345166441 155.72924455119815 23
1694345166638 155.57375345363357 24
1694345166809 155.41841797617153 25
1694345166975 155.26323796297103 26
1694345167188 155.1082132583471 27
1694345167386 154.95334370677085 28
1694345167557 154.79862915286918 29
