1694345451267 159.68145529404654 0
1694345451403 159.52192596680612 1
1694345451580 159.36264550785472 2
1694345451743 159.20352439424352 3
1694345451889 159.04456253292267 4
1694345452033 158.88575976436655 5
1694345452177 158.72711592925515 6
1694345452523 158.56863086842802 7
1694345452682 158.41030442288422 8
1694345452995 158.25213643378223 9
1694345453271 158.09412674243964 10
1694345453468 157.93627519033302 11
1694345453739 157.77858161909785 12
1694345454037 157.62104587052835 13
1694345454229 157.46366778657716 14
1694345454370 157.30644720935553 15
1694345454545 157.14938398113267 16
1694345454729 156.992477944336 17
1694345454869 156.83572894155083 18
1694345455008 156.67913681552022 19
1694345455148 156.5227014091448 20
1694345455353 156.3664225654826 21
1694345455498 156.21030012774904 22
1694345455652 156.05433393931654 23
1694345455806 155.89852384371451 24
1694345455951 155.74286968462926 25
1694345456155 155.5873713059035 26
1694345456326 155.43202855153672 27
1694345456599 155.27684126568457 28
1694345456834 155.12180929265884 29
