1694338697426 6.400787754436653 0
1694338697493 6.316044761839637 1
1694338697550 6.235255975320155 2
1694338697609 6.159624466325556 3
1694338697774 6.088720229355787 4
1694338697864 6.02223041759968 5
1694338697955 5.95986072175609 6
1694338698041 5.901338596907609 7
1694338698138 5.846411248398163 8
1694338698221 5.79484404742861 9
1694338698302 5.746419077847664 10
1694338698377 5.700933812274203 11
1694338698444 5.6581999047967235 12
1694338698509 5.618042089041285 13
1694338698702 5.580297171564551 14
1694338698786 5.544813111543134 15
1694338698882 5.5114481786432865 16
1694338698969 5.4800701817708335 17
1694338699053 5.450555762131871 18
1694338699124 5.422789744688601 19
1694338699198 5.39666454268063 20
1694338699257 5.372079610406845 21
1694338699317 5.348940939933714 22
1694338699377 5.327160597817606 23
1694338699437 5.306656298307516 24
1694338699491 5.287351009834306 25
1694338699548 5.269172591897704 26
1694338699601 5.252053459736576 27
1694338699653 5.2359302744143035 28
1694338699700 5.2207436561727985 29
