1694343394835 169.08902758239503 0
1694343394947 165.73195717333064 1
1694343395065 162.46837641335074 2
1694343395175 159.26935036683287 3
1694343395291 156.13358413611795 4
1694343395401 153.06018688380726 5
1694343395525 150.0475500324826 6
1694343395632 147.09473115823337 7
1694343395757 144.20041795322985 8
1694343395882 141.36303453194995 9
1694343396023 138.5822516758692 10
1694343396388 135.85655828617166 11
1694343396557 133.1846882299176 12
1694343396699 130.56590238642488 13
1694343396828 127.99898921966745 14
1694343396931 125.482457021168 15
1694343397041 123.01620342455422 16
1694343397147 120.59879408522015 17
1694343397259 118.22925911537429 18
1694343397368 115.90644033895752 19
1694343397472 113.62981189384342 20
1694343397596 111.39797162949866 21
1694343397694 109.21060194858079 22
1694343397790 107.0663135428249 23
1694343397886 104.96469043206174 24
1694343397992 102.90467270682186 25
1694343398089 100.8854344027636 26
1694343398203 98.90616597840624 27
1694343398313 96.96582321790524 28
1694343398421 95.06381047154035 29
