1694338706079 15.950896021251982 0
1694338706175 15.155586028701828 1
1694338706262 14.430479165957093 2
1694338706340 13.762476575811679 3
1694338706395 13.14698770267587 4
1694338706448 12.579397288341461 5
1694338706501 12.055559273691658 6
1694338706546 11.57171812125345 7
1694338706593 11.124471456846923 8
1694338706634 10.710734532957469 9
1694338706685 10.327708533176226 10
1694338706731 9.972852167939124 11
1694338706787 9.64385621929365 12
1694338706832 9.33862072010055 13
1694338706880 9.055234487639995 14
1694338706939 8.791956761769148 15
1694338706998 8.547200724713198 16
1694338707055 8.319518703576088 17
1694338707114 8.10758887805386 18
1694338707167 7.910203334906965 19
1694338707230 7.726257327751221 20
1694338707357 7.554739615886886 21
1694338707429 7.3947237694020105 22
1694338707488 7.2453603398391335 23
1694338707539 7.105869806463094 24
1694338707587 6.975536217754228 25
1694338707633 6.853701456302064 26
1694338707675 6.739760062902502 27
1694338707725 6.633154562466748 28
1694338707776 6.533371240422597 29
