1694343690429 51.70453763030938 0
1694343690660 50.69583596370185 1
1694343690961 49.707082024837916 2
1694343691463 48.73787350869769 3
1694343691944 47.787839785526494 4
1694343692314 46.8565716149564 5
1694343692594 45.943735751177044 6
1694343692832 45.048916322320885 7
1694343693092 44.17181595738914 8
1694343693283 43.31201245146204 9
1694343693509 42.46924285240507 10
1694343693779 41.64313638518668 11
1694343693988 40.83329608655339 12
1694343694192 40.03951592854784 13
1694343694430 39.26135133468529 14
1694343694883 38.49862709333731 15
1694343695184 37.75089347649689 16
1694343695562 37.01800480977829 17
1694343695815 36.29959782611025 18
1694343696021 35.595285817256325 19
1694343696249 34.9049730283603 20
1694343696467 34.228296822981456 21
1694343696683 33.56487234624407 22
1694343696914 32.91465085921711 23
1694343697155 32.27714931123073 24
1694343697427 31.652343462259765 25
1694343697659 31.039874296009966 26
1694343697911 30.439362343640592 27
1694343698263 29.85082605352826 28
1694343698760 29.273906839299073 29
