1694343188343 168.3213123271032 0
1694343188486 168.26104754667043 1
1694343188646 168.1998359902754 2
1694343188788 168.13898750025245 3
1694343188937 168.07845159087867 4
1694343189084 168.01821425511622 5
1694343189237 167.9582612913079 6
1694343189406 167.89857929194557 7
1694343189534 167.83915557305065 8
1694343189670 167.77997813578529 9
1694343189804 167.72103562933953 10
1694343189954 167.66231731585026 11
1694343190212 167.60381303721869 12
1694343190428 167.54551318372455 13
1694343190625 167.48740866433914 14
1694343190828 167.42949087864577 15
1694343190995 167.37175169028023 16
1694343191273 167.3141834018093 17
1694343191488 167.25677873096905 18
1694343191683 167.19953078818986 19
1694343191884 167.14243305533796 20
1694343192028 167.08547936560785 21
1694343192168 167.02866388450335 22
1694343192325 166.9719810918486 23
1694343192477 166.91542576477224 24
1694343192614 166.8589929616136 25
1694343192761 166.80267800669955 26
1694343192900 166.74647647594588 27
1694343193034 166.6903841832379 28
1694343193171 166.6343971675487 29
