1694338850650 9.05963402154623 0
1694338850726 8.273183787681587 1
1694338850821 7.563086248331724 2
1694338850922 6.9173411421960305 3
1694338851014 6.330302223087021 4
1694338851081 5.796566224098318 5
1694338851159 5.3112429711989035 6
1694338851229 4.8698926829625995 7
1694338851307 4.468485087256932 8
1694338851386 4.103361501319045 9
1694338851441 3.771200467217184 10
1694338851526 3.4689865685776904 11
1694338851586 3.193982135879051 12
1694338851663 2.9437015723795232 13
1694338851747 2.715888057723303 14
1694338851837 2.508492408802133 15
1694338851922 2.3196538978963237 16
1694338852114 2.1476828466686215 17
1694338852240 1.9910448314123144 18
1694338852377 1.8483463502214585 19
1694338852483 1.7183218166008947 20
1694338852581 1.5998217565984905 21
1694338852690 1.4918020979410094 22
1694338852819 1.3933144499962662 23
1694338852997 1.3034972827661517 24
1694338853133 1.221567921626627 25
1694338853261 1.1468152822526214 26
1694338853359 1.0785932771713356 27
1694338853443 1.01631483174318 28
1694338853514 0.9594464531356861 29
