1694345913135 168.7615312576847 0
1694345913287 168.72786270239843 1
1694345913435 168.69420155182385 2
1694345913605 168.66054780426478 3
1694345913758 168.62690145802523 4
1694345913917 168.59326251140988 5
1694345914079 168.55963096272342 6
1694345914327 168.52600681027138 7
1694345914505 168.49239005235933 8
1694345914642 168.45878068729343 9
1694345914785 168.4251787133802 10
1694345914951 168.39158412892647 11
1694345915276 168.35799693223964 12
1694345915500 168.32441712162733 13
1694345915647 168.29084469539765 14
1694345915891 168.25727965185908 15
1694345916150 168.2237219893205 16
1694345916355 168.19017170609126 17
1694345916502 168.1566288004809 18
1694345916677 168.1230932707996 19
1694345916838 168.08956511535777 20
1694345917027 168.05604433246629 21
1694345917181 168.02253092043645 22
1694345917334 167.98902487757985 23
1694345917475 167.9555262022086 24
1694345917614 167.92203489263514 25
1694345917783 167.88855094717223 26
1694345917940 167.8550743641332 27
1694345918094 167.82160514183167 28
1694345918245 167.7881432785816 29
