1694342249401 1.671387545236298e+83 0
1694342249543 1.4536223620375067e+81 1
1694342249670 2.4981408584873826e+79 2
1694342249807 1.2182504027497041e+79 3
1694342249953 1.1625198360244702e+79 4
1694342250066 1.1206887493849157e+79 5
1694342250173 1.0819486309299657e+79 6
1694342250277 1.0458797105399454e+79 7
1694342250397 1.0121947634274597e+79 8
1694342250659 9.806446152082715e+78 9
1694342250853 9.51012124805239e+78 10
1694342251030 9.231076880870374e+78 11
1694342251183 8.96765400729411e+78 12
1694342251313 8.718397775191425e+78 13
1694342251573 8.482029460203057e+78 14
1694342251770 8.257422447524466e+78 15
1694342251941 8.04358166393585e+78 16
1694342252098 7.839625953416454e+78 17
1694342252225 7.644772964762547e+78 18
1694342252339 7.458326183543783e+78 19
1694342252445 7.279663795143322e+78 20
1694342252560 7.108229111948982e+78 21
1694342252694 6.943522337200675e+78 22
1694342252802 6.785093471578141e+78 23
1694342252916 6.6325361972055305e+78 24
1694342253013 6.485482598097429e+78 25
1694342253124 6.343598596806694e+78 26
1694342253239 6.2065800046952374e+78 27
1694342253372 6.074149098292322e+78 28
1694342253481 5.946051647020284e+78 29
