1694340857046 1.624503168125278e+212 0
1694340857140 1.1946928238917797e+214 1
1694340857235 8.836940633438546e+215 2
1694340857455 6.534249402775982e+217 3
1694340857613 4.83168706671303e+219 4
1694340857775 3.5727392292655965e+221 5
1694340857900 2.641823954027727e+223 6
1694340857997 1.95346856337301e+225 7
1694340858138 1.4444715074326997e+227 8
1694340858481 1.0680990597275253e+229 9
1694340858648 7.897944649803235e+230 10
1694340858764 5.840050988085678e+232 11
1694340858847 4.3183634547616296e+234 12
1694340858932 3.1931678277236535e+236 13
1694340859009 2.361153914630884e+238 14
1694340859095 1.7459300949274278e+240 15
1694340859193 1.2910093990420003e+242 16
1694340859290 9.546231394127366e+243 17
1694340859388 7.058859052292448e+245 18
1694340859489 5.219598086715543e+247 19
1694340859585 3.859576170173958e+249 20
1694340859686 2.8539224602919984e+251 21
1694340859791 2.110302543657809e+253 22
1694340859874 1.5604407224550041e+255 23
1694340859965 1.1538512596754665e+257 24
1694340860068 8.53203015209726e+258 25
1694340860172 6.308918754118401e+260 26
1694340860265 4.6650627267512356e+262 27
1694340860348 3.449530908971874e+264 28
1694340860432 2.550718862517657e+266 29
