1694339230277 0.2772257956381537 0
1694339230457 0.27690625770623434 1
1694339230616 0.2766381061296939 2
1694339230781 0.2764129398668528 3
1694339230922 0.27622374967618096 4
1694339231185 0.2760646849265802 5
1694339231570 0.2759308598783412 6
1694339231749 0.2758181926874434 7
1694339231938 0.2757232715510346 8
1694339232105 0.2756432433737011 9
1694339232282 0.27557572112843237 10
1694339232429 0.2755187067425151 11
1694339232536 0.27547052688119156 12
1694339232648 0.2754297794507134 13
1694339232758 0.27539528901380556 14
1694339232888 0.2753660696180103 15
1694339233009 0.27534129379204153 16
1694339233124 0.2753202666762789 17
1694339233240 0.27530240442844434 18
1694339233331 0.2752872161905532 19
1694339233435 0.27527428902357143 20
1694339233599 0.2752632753160692 21
1694339233881 0.2752538822560891 22
1694339234053 0.27524586302430487 23
1694339234210 0.2752390094237669 24
1694339234366 0.27523314570909 25
1694339234514 0.2752281234174784 26
1694339234804 0.27522381703687104 27
1694339235019 0.2752201203738618 28
1694339235163 0.2752169435068164 29
