1694345482658 168.66429321097323 0
1694345482811 168.64742943747444 1
1694345482982 168.63057704901468 2
1694345483173 168.61372634762918 3
1694345483373 168.596877333865 4
1694345483713 168.5800300075529 5
1694345484022 168.56318436852382 6
1694345484306 168.54634041660876 7
1694345484530 168.5294981516385 8
1694345484830 168.5126575734441 9
1694345485085 168.49581868185652 10
1694345485323 168.4789814767066 11
1694345485516 168.46214595782556 12
1694345485703 168.4453121250442 13
1694345485851 168.4284799781937 14
1694345486005 168.41164951710505 15
1694345486214 168.39482074160935 16
1694345486442 168.37799365153762 17
1694345486749 168.361168246721 18
1694345486909 168.34434452699065 19
1694345487060 168.32752249217762 20
1694345487229 168.31070214211314 21
1694345487579 168.29388347662828 22
1694345487889 168.27706649555432 23
1694345488163 168.26025119872244 24
1694345488612 168.24343758596385 25
1694345488968 168.22662565710974 26
1694345489259 168.20981541199143 27
1694345489452 168.19300685044013 28
1694345489613 168.17619997228715 29
