1694343531251 167.34901677418168 0
1694343531551 167.31585075970045 1
1694343531786 167.28269135861228 2
1694343531946 167.2495385695953 3
1694343532144 167.2163923913277 4
1694343532299 167.18325282248816 5
1694343532424 167.15011986175546 6
1694343532548 167.11699350780867 7
1694343532700 167.0838737593272 8
1694343532845 167.05076061499062 9
1694343532976 167.01765407347884 10
1694343533124 166.98455413347202 11
1694343533297 166.95146079365057 12
1694343533448 166.9183740526952 13
1694343533582 166.8852939092868 14
1694343533714 166.85222036210658 15
1694343533909 166.81915340983608 16
1694343534155 166.78609305115694 17
1694343534334 166.75303928475125 18
1694343534564 166.71999210930122 19
1694343534769 166.6869515234894 20
1694343535050 166.65391752599862 21
1694343535253 166.6208901155118 22
1694343535478 166.5878692907124 23
1694343535668 166.55485505028398 24
1694343535819 166.5218473929103 25
1694343535976 166.48884631727557 26
1694343536144 166.45585182206412 27
1694343536275 166.42286390596058 28
1694343536414 166.38988256764986 29
