1694339185572 0.9036752804096028 0
1694339185723 0.8570221452501817 1
1694339185835 0.8141928289130662 2
1694339185943 0.7750425566287916 3
1694339186062 0.7392334335444894 4
1694339186170 0.7064694329103013 5
1694339186293 0.6764807611830015 6
1694339186423 0.6490221137225454 7
1694339186540 0.6238703897058937 8
1694339186653 0.600822658030857 9
1694339186772 0.5796943088353562 10
1694339186891 0.5603173757930944 11
1694339187008 0.5425390132204609 12
1694339187121 0.5262201136539433 13
1694339187250 0.5112340528821632 14
1694339187363 0.4974655506264899 15
1694339187566 0.48480963616086686 16
1694339187724 0.47317070915615655 17
1694339187932 0.4624616869363361 18
1694339188096 0.4526032301520329 19
1694339188261 0.44352303961887424 20
1694339188408 0.43515521774114924 21
1694339188555 0.4274396885516514 22
1694339188714 0.42032167095223577 23
1694339188961 0.41375120024179357 24
1694339189119 0.40768269347385794 25
1694339189271 0.40207455459920194 26
1694339189426 0.39688881572359386 27
1694339189558 0.3920908111508362 28
1694339189674 0.38764888118958596 29
