1694344226449 159.74771111768212 0
1694344226585 159.58948361392993 1
1694344226710 159.43150359054886 2
1694344226839 159.27368087806028 3
1694344226998 159.11601538619536 4
1694344227148 158.95850695789485 5
1694344227300 158.80115543630214 6
1694344227446 158.6439606647178 7
1694344227735 158.48692248659896 8
1694344227889 158.33004074555933 9
1694344228023 158.17331528536917 10
1694344228281 158.0167459499549 11
1694344228570 157.86033258339904 12
1694344228768 157.70407502994016 13
1694344228944 157.5479731339726 14
1694344229308 157.39202674004625 15
1694344229528 157.2362356928666 16
1694344229765 157.08059983729441 17
1694344229916 156.92511901834575 18
1694344230084 156.76979308119147 19
1694344230252 156.61462187115742 20
1694344230388 156.45960523372435 21
1694344230503 156.30474301452713 22
1694344230654 156.15003505935542 23
1694344230820 155.995481214153 24
1694344230965 155.84108132501763 25
1694344231151 155.68683523820118 26
1694344231312 155.53274280010922 27
1694344231508 155.37880385730094 28
1694344231635 155.2250182564891 29
