1694345419931 92.4827035634367 0
1694345420195 91.56642334706117 1
1694345420413 90.6595877400478 2
1694345420582 89.76176276365462 3
1694345420907 88.87286178020263 4
1694345421158 87.99279601585901 5
1694345421408 87.12147760240704 6
1694345421562 86.2588195459107 7
1694345421715 85.4047357181629 8
1694345421901 84.5591408480621 9
1694345422069 83.72195051307597 10
1694345422222 82.89308113079012 11
1694345422387 82.07244995054126 12
1694345422558 81.25997504513357 13
1694345422719 80.45557530263773 14
1694345422877 79.65917041827177 15
1694345423024 78.87068088636279 16
1694345423167 78.09002799238881 17
1694345423347 77.31713380510004 18
1694345423688 76.55192116871848 19
1694345423962 75.79431369521568 20
1694345424242 75.04423575666696 21
1694345424563 74.30161247768234 22
1694345424869 73.56636972791252 23
1694345425157 72.8384341146299 24
1694345425316 72.11773297538326 25
1694345425474 71.40419437072586 26
1694345425641 70.69774707701593 27
1694345425832 69.99832057928899 28
1694345425979 69.30584506420105 29
