1694345999253 167.68686809566032 0
1694345999558 167.65338797589666 1
1694345999789 167.61991522859464 2
1694346000003 167.58644985206269 3
1694346000197 167.5529918446096 4
1694346000372 167.51954120454465 5
1694346000520 167.48609793017732 6
1694346000665 167.45266201981778 7
1694346000796 167.41923347177627 8
1694346000933 167.38581228436374 9
1694346001086 167.35239845589126 10
1694346001255 167.3189919846705 11
1694346001390 167.28559286901347 12
1694346001539 167.25220110723242 13
1694346001673 167.21881669764028 14
1694346001814 167.18543963855012 15
1694346001967 167.15206992827558 16
1694346002118 167.11870756513068 17
1694346002372 167.0853525474296 18
1694346002615 167.05200487348728 19
1694346002819 167.0186645416188 20
1694346002986 166.98533155013973 21
1694346003281 166.952005897366 22
1694346003493 166.91868758161397 23
1694346003684 166.88537660120036 24
1694346003833 166.85207295444232 25
1694346004015 166.81877663965741 26
1694346004142 166.78548765516348 27
1694346004276 166.75220599927886 28
1694346004416 166.71893167032232 29
