1694346644995 169.4596183705198 0
1694346645231 169.12158106262802 1
1694346645466 168.9530943188123 2
1694346645694 168.78469122055304 3
1694346645944 168.61647318714276 4
1694346646551 168.4484399459283 5
1694346646891 168.2805912855149 6
1694346647193 168.11292699471846 7
1694346647445 167.94544686260227 8
1694346647719 167.7781506784763 9
1694346647908 167.6110382318972 10
1694346648110 167.44410931266782 11
1694346648280 167.2773637108371 12
1694346648531 167.11080121669954 13
1694346648960 166.94442162079514 14
1694346649415 166.77822471390903 15
1694346649756 166.612210287071 16
1694346650046 166.44637813155563 17
1694346650252 166.28072803888142 18
1694346650473 166.1152598008112 19
1694346650683 165.94997320935116 20
1694346650886 165.78486805675092 21
1694346651103 165.61994413550335 22
1694346651284 165.45520123834388 23
1694346651480 165.2906391582507 24
1694346651698 165.126257688444 25
1694346651905 164.96205662238611 26
1694346652387 164.7980357537808 27
1694346652752 164.63419487657336 28
1694346653316 164.47053378495016 29
