1694346654091 164.63369340624646 0
1694346654283 164.4698074388901 1
1694346654458 164.30631132380535 2
1694346654633 164.14299449469087 3
1694346654912 163.97985688556133 4
1694346655116 163.81689829136724 5
1694346655305 163.6541185073884 6
1694346655482 163.4915173291442 7
1694346655702 163.3290945523932 8
1694346656130 163.16684997313308 9
1694346656560 163.0047833876001 10
1694346656846 162.84289459226895 11
1694346657051 162.6811833838526 12
1694346657261 162.5196495593017 13
1694346657538 162.3582929158047 14
1694346657822 162.19711325078708 15
1694346657999 162.03611036191154 16
1694346658174 161.87528404707743 17
1694346658375 161.71463410442058 18
1694346658628 161.55416033231293 19
1694346658829 161.39386252936245 20
1694346659062 161.23374049441261 21
1694346659270 161.07379402654223 22
1694346659634 160.91402292506527 23
1694346659957 160.75442698953034 24
1694346660359 160.59500601972064 25
1694346660683 160.43575981565357 26
1694346660909 160.27668817758052 27
1694346661093 160.11779090598648 28
1694346661328 159.9590678015898 29
