1694346122212 94.17664487581776 0
1694346122367 93.3079131273416 1
1694346122542 92.44872551479509 2
1694346122911 91.59861792456522 3
1694346123196 90.75749247335474 4
1694346123491 89.92524894272074 5
1694346123741 89.1017882973291 6
1694346123982 88.28701264146781 7
1694346124214 87.48082520593843 8
1694346124378 86.68313033486118 9
1694346124527 85.89383347263819 10
1694346124667 85.11284115107078 11
1694346124858 84.34006097662909 12
1694346125051 83.57540161787205 13
1694346125202 82.8187727930163 14
1694346125358 82.07008525765184 15
1694346125497 81.32925079260295 16
1694346125686 80.59618219193261 17
1694346125853 79.8707932510886 18
1694346125989 79.15299875518974 19
1694346126129 78.44271446745049 20
1694346126417 77.73985711774237 21
1694346126717 77.04434439129047 22
1694346126982 76.35609491750355 23
1694346127189 75.67502825893601 24
1694346127453 75.00106490038031 25
1694346127692 74.33412623808822 26
1694346127867 73.67413456911929 27
1694346128109 73.0210130808152 28
1694346128270 72.3746858403984 29
