1694343447733 167.3490167741817 0
1694343447866 167.31585075970042 1
1694343447998 167.2826913586123 2
1694343448147 167.2495385695953 3
1694343448304 167.2163923913277 4
1694343448582 167.18325282248816 5
1694343448776 167.15011986175546 6
1694343449115 167.11699350780867 7
1694343449341 167.0838737593272 8
1694343449625 167.05076061499062 9
1694343449840 167.01765407347884 10
1694343450030 166.98455413347202 11
1694343450218 166.9514607936506 12
1694343450387 166.9183740526952 13
1694343450543 166.8852939092868 14
1694343450681 166.85222036210658 15
1694343450814 166.81915340983605 16
1694343450949 166.78609305115697 17
1694343451067 166.75303928475125 18
1694343451201 166.71999210930122 19
1694343451326 166.68695152348943 20
1694343451452 166.6539175259986 21
1694343451582 166.62089011551183 22
1694343451715 166.58786929071243 23
1694343451871 166.55485505028398 24
1694343451999 166.52184739291033 25
1694343452177 166.4888463172756 26
1694343452435 166.45585182206412 27
1694343452659 166.42286390596058 28
1694343452835 166.38988256764986 29
