1694344247587 169.25818407564654 0
1694344247742 169.24139920984408 1
1694344247902 169.22463730379118 2
1694344248079 169.20787706591136 3
1694344248245 169.1911184972356 4
1694344248404 169.17436159759725 5
1694344248556 169.15760636682967 6
1694344248693 169.14085280476638 7
1694344249028 169.1241009112408 8
1694344249339 169.10735068608636 9
1694344249527 169.09060212913664 10
1694344249746 169.07385524022504 11
1694344249990 169.0571100191852 12
1694344250236 169.04036646585052 13
1694344250417 169.02362458005473 14
1694344250589 169.00688436163125 15
1694344250722 168.9901458104137 16
1694344250887 168.97340892623572 17
1694344251013 168.95667370893094 18
1694344251161 168.93994015833294 19
1694344251287 168.92320827427542 20
1694344251437 168.90647805659202 21
1694344251570 168.8897495051165 22
1694344251715 168.8730226196825 23
1694344251857 168.85629740012374 24
1694344252025 168.839573846274 25
1694344252197 168.82285195796698 26
1694344252338 168.8061317350365 27
1694344252509 168.78941317731628 28
1694344252743 168.7726962846402 29
