1694344184421 169.4538613176686 0
1694344184605 166.0626117221703 1
1694344184797 164.46460669862734 2
1694344184973 162.8480319795981 3
1694344185138 161.24760827175646 4
1694344185347 159.66520809434752 5
1694344185674 158.0973348976579 6
1694344185922 156.54496058364035 7
1694344186142 155.00792665537548 8
1694344186324 153.48608119594272 9
1694344186474 151.97927377106524 10
1694344186614 150.48735543848414 11
1694344186756 149.0101787330254 12
1694344186911 147.54759765194078 13
1694344187079 146.09946764039267 14
1694344187246 144.66564557708392 15
1694344187393 143.24598976003003 16
1694344187521 141.84060034404266 17
1694344187663 140.4487376431709 18
1694344187806 139.0709851756424 19
1694344187937 137.7064844985194 20
1694344188210 136.35582478083745 21
1694344188477 135.01839201883521 22
1694344188694 133.69417256346867 23
1694344188856 132.38278592524676 24
1694344189205 131.08472384542264 25
1694344189411 129.79936464440362 26
1694344189614 128.52670303346278 27
1694344189801 127.26661373378055 28
1694344189941 126.018713951177 29
