1694346074921 169.44548309351723 0
1694346075138 169.41166724149494 1
1694346075322 169.3778588265549 2
1694346075462 169.3440578469937 3
1694346075620 169.31026430110825 4
1694346075787 169.27647818719598 5
1694346076029 169.24269950355446 6
1694346076422 169.20892824848193 7
1694346076653 169.17516442027693 8
1694346076834 169.14140801723835 9
1694346077056 169.1076590376655 10
1694346077229 169.0739174798582 11
1694346077392 169.04018334211648 12
1694346077525 169.00645662274093 13
1694346077667 168.97273732003245 14
1694346077887 168.9390254322924 15
1694346078050 168.90532095782237 16
1694346078196 168.87162389492462 17
1694346078360 168.83793424190162 18
1694346078548 168.8042519970563 19
1694346078952 168.7705771586919 20
1694346079243 168.7369097251122 21
1694346079656 168.70324969462132 22
1694346079999 168.6695970655237 23
1694346080266 168.63595183612426 24
1694346080496 168.60231400472833 25
1694346080667 168.56868356964156 26
1694346080819 168.53506052917007 27
1694346080960 168.5014448816203 28
1694346081131 168.4678366252992 29
