1694337755031 0.7133417634957977 0
1694337755096 0.673093534890213 1
1694337755160 0.6361976886361985 2
1694337755355 0.6027432227167215 3
1694337755454 0.572391034325718 4
1694337755553 0.5448541555040683 5
1694337755643 0.5198712435922365 6
1694337755732 0.49720527416898225 7
1694337755806 0.476641228570755 8
1694337755867 0.4579840523664756 9
1694337755929 0.44105680078993814 10
1694337755991 0.4256989566505903 11
1694337756084 0.4117649045446007 12
1694337756302 0.39912254684163395 13
1694337756398 0.38765204826686916 14
1694337756486 0.3772446971241812 15
1694337756558 0.3678018723182978 16
1694337756618 0.35923410634211317 17
1694337756670 0.3514602353099116 18
1694337756726 0.3444066279466386 19
1694337756786 0.3380064861956361 20
1694337756842 0.3321992107894921 21
1694337756891 0.3269298257474185 22
1694337756935 0.32214845632379996 23
1694337756987 0.31780985544153634 24
1694337757039 0.31387297410546705 25
1694337757097 0.3103005717098919 26
1694337757156 0.3070588625339561 27
1694337757211 0.3041171950631567 28
1694337757265 0.30144776108762267 29
