1694344826617 168.767582734056 0
1694344827018 168.73389965679428 1
1694344827287 168.7002233152485 2
1694344827616 168.66655370807146 3
1694344827951 168.6328908339161 4
1694344828322 168.5992346914356 5
1694344828688 168.56558527928354 6
1694344829009 168.53194259611368 7
1694344829212 168.49830664058007 8
1694344829439 168.464677411337 9
1694344829669 168.43105490703906 10
1694344829835 168.39743912634114 11
1694344830003 168.36383006789833 12
1694344830150 168.33022773036603 13
1694344830417 168.29663211239992 14
1694344830714 168.26304321265593 15
1694344830967 168.2294610297903 16
1694344831152 168.19588556245938 17
1694344831446 168.16231680931998 18
1694344831687 168.12875476902914 19
1694344831842 168.09519944024407 20
1694344831995 168.06165082162232 21
1694344832141 168.02810891182176 22
1694344832306 167.99457370950046 23
1694344832498 167.96104521331674 24
1694344832662 167.9275234219292 25
1694344832807 167.89400833399677 26
1694344832961 167.86049994817859 27
1694344833155 167.82699826313407 28
1694344833303 167.7935032775229 29
