1694345731043 150.33480699907344 0
1694345731199 150.03822603301998 1
1694345731373 149.7422944581342 2
1694345731527 149.4470107896512 3
1694345731683 149.15237354628454 4
1694345731849 148.85838125021832 5
1694345732007 148.56503242709834 6
1694345732244 148.2723256060244 7
1694345732395 147.9802593195418 8
1694345732564 147.68883210363327 9
1694345732789 147.39804249771092 10
1694345733045 147.10788904460782 11
1694345733244 146.81837029057016 12
1694345733434 146.52948478524894 13
1694345733681 146.24123108169198 14
1694345733892 145.953607736336 15
1694345734096 145.66661330899828 16
1694345734307 145.3802463628688 17
1694345734528 145.09450546450225 18
1694345734684 144.80938918381008 19
1694345734842 144.52489609405234 20
1694345734998 144.24102477182996 21
1694345735164 143.95777379707667 22
1694345735349 143.67514175305118 23
1694345735477 143.39312722632923 24
1694345735616 143.1117288067957 25
1694345735748 142.8309450876369 26
1694345735917 142.55077466533254 27
1694345736080 142.271216139648 28
1694345736221 141.99226811362664 29
