1694339328544 4.96740221148209 0
1694339328618 4.967102263360553 1
1694339328710 4.966934938189927 2
1694339328778 4.966868880493032 3
1694339328873 4.966879337033569 4
1694339328974 4.966946787961422 5
1694339329078 4.967055868180474 6
1694339329166 4.967194514912389 7
1694339329256 4.9673532922358925 8
1694339329344 4.96752485459522 9
1694339329439 4.967703519804493 10
1694339329518 4.967884928597355 11
1694339329608 4.968065772780063 12
1694339329930 4.96824357790923 13
1694339330075 4.968416529408098 14
1694339330245 4.968583333362929 15
1694339330367 4.968743105058964 16
1694339330455 4.968895279740638 17
1694339330579 4.969039541201749 18
1694339330747 4.969175764696486 19
1694339330925 4.969303971362946 20
1694339331054 4.969424291907347 21
1694339331167 4.969536937740497 22
1694339331260 4.969642178111801 23
1694339331374 4.969740322069184 24
1694339331466 4.969831704300419 25
1694339331553 4.9699166740935485 26
1694339331638 4.969995586800903 27
1694339331718 4.970068797309425 28
1694339331804 4.970136655115411 29
