1694338814005 169.08902758239503 0
1694338814089 137.03598120269328 1
1694338814163 111.29267789768672 2
1694338814236 90.41574563191669 3
1694338814336 73.48348777721664 4
1694338814429 59.7525617352436 5
1694338814485 48.614201520718474 6
1694338814568 39.577349673645884 7
1694338814641 32.24412600784008 8
1694338814730 26.29212789610232 9
1694338814801 21.46009541495502 10
1694338814867 17.536301217766965 11
1694338814924 14.34914687182829 12
1694338815018 11.759546041333824 13
1694338815108 9.654754753319132 14
1694338815194 7.943373630460333 15
1694338815370 6.551299312323511 16
1694338815506 5.418444660898758 17
1694338815637 4.496081655328563 18
1694338815754 3.7446886608675634 19
1694338815819 3.132206251627776 20
1694338815881 2.632623981924515 21
1694338815946 2.2248352516344645 22
1694338816016 1.8917093563162672 23
1694338816106 1.6193394867406408 24
1694338816205 1.3964332770971715 25
1694338816296 1.213818846376458 26
1694338816367 1.064044416557331 27
1694338816433 0.941053753633149 28
1694338816498 0.8399230489163783 29
