1694343970473 169.089027582395 0
1694343970604 168.75180288377763 1
1694343970740 168.586373481002 2
1694343970884 168.41962980414175 3
1694343971052 168.2531027594013 4
1694343971190 168.0867143006654 5
1694343971336 167.92050710774595 6
1694343971480 167.75444953762772 7
1694343971689 167.58854994390703 8
1694343971966 167.42284471047137 9
1694343972173 167.2572822212801 10
1694343972364 167.09190040132899 11
1694343972494 166.92665478250538 12
1694343972633 166.7615974188289 13
1694343972784 166.5967088584777 14
1694343972930 166.4319682448709 15
1694343973071 166.2674076907093 16
1694343973204 166.10298236432064 17
1694343973337 165.93874445642447 18
1694343973466 165.77467470737668 19
1694343973616 165.6107628303659 20
1694343973732 165.44700305172773 21
1694343973867 165.2833993838914 22
1694343974006 165.11998791251528 23
1694343974169 164.9567163585475 24
1694343974457 164.79362382874712 25
1694343974689 164.63067696110411 26
1694343974889 164.46788551341186 27
1694343975078 164.30528550393413 28
1694343975329 164.14282442105977 29
