1694343491207 169.08902758239503 0
1694343491352 168.75180288377763 1
1694343491458 168.41797041817875 2
1694343491587 168.0847920035544 3
1694343491743 167.75226423347394 4
1694343492051 167.4204213862759 5
1694343492295 167.0892284335981 6
1694343492549 166.75870539647633 7
1694343492756 166.42882952030135 8
1694343493012 166.09959782240637 9
1694343493176 165.77104463742157 10
1694343493456 165.44313449843278 11
1694343493641 165.115888011716 12
1694343493821 164.78926965637254 13
1694343494013 164.4633135139065 14
1694343494136 164.13801730953983 15
1694343494262 163.81336867869268 16
1694343494392 163.48935492529273 17
1694343494551 163.1659739344047 18
1694343494713 162.84324858079174 19
1694343494883 162.52117700036325 20
1694343495024 162.1997465602374 21
1694343495182 161.87894429932246 22
1694343495357 161.55876851169884 23
1694343495518 161.23925361705892 24
1694343495688 160.92036290091306 25
1694343495871 160.60211868066153 26
1694343496035 160.2845079649275 27
1694343496320 159.9674936226761 28
1694343496534 159.6511459181389 29
