1694344598010 159.5887420615269 0
1694344598181 159.27039432496795 1
1694344598361 158.95268292014785 2
1694344598745 158.63560657482714 3
1694344599087 158.31916401931042 4
1694344599465 158.00335398644157 5
1694344599794 157.68817521159843 6
1694344600026 157.37362643268767 7
1694344600276 157.05970639013998 8
1694344600471 156.74641382690479 9
1694344600646 156.4337474884454 10
1694344600830 156.12170612273374 11
1694344601034 155.8102884802457 12
1694344601192 155.4994933139557 13
1694344601349 155.18931937933212 14
1694344601505 154.8797654343319 15
1694344601689 154.57083023939583 16
1694344601862 154.26251255744356 17
1694344602052 153.95481115386843 18
1694344602369 153.6477247965329 19
1694344602630 153.3412522557633 20
1694344602927 153.03539230434492 21
1694344603179 152.7301437175173 22
1694344603507 152.42550527296902 23
1694344603745 152.1214757508332 24
1694344603977 151.81805393368217 25
1694344604190 151.5152386065229 26
1694344604362 151.213028556792 27
1694344604510 150.91142257435095 28
1694344604692 150.61041945148114 29
