1694343069144 154.02927948796878 0
1694343069287 153.56355350159043 1
1694343069410 153.10374306181512 2
1694343069517 152.64686579046815 3
1694343069664 152.19291584472964 4
1694343069787 151.74186798827634 5
1694343069921 151.29370013648696 6
1694343070033 150.8483896695699 7
1694343070166 150.40591441553323 8
1694343070297 149.9662523463684 9
1694343070427 149.52938164733177 10
1694343070579 149.0952806863996 11
1694343070736 148.66392801532967 12
1694343070857 148.23530236393344 13
1694343070996 147.80938263760942 14
1694343071148 147.38614791480452 15
1694343071318 146.96557744503284 16
1694343071554 146.5476506470798 17
1694343071752 146.1323471073742 18
1694343071934 145.71964657845632 19
1694343072074 145.30952897751473 20
1694343072246 144.90197438496836 21
1694343072487 144.49696304308253 22
1694343072689 144.09447535460947 23
1694343072839 143.69449188144864 24
1694343072997 143.29699334332352 25
1694343073128 142.90196061647256 26
1694343073278 142.5093747323534 27
1694343073424 142.1192168763585 28
1694343073544 141.73146838654324 29
