1694338864801 169.44896689883626 0
1694338864908 137.08303295961304 1
1694338865008 125.56622580948678 2
1694338865107 114.00573261662835 3
1694338865219 103.57127685400833 4
1694338865332 94.09096048566647 5
1694338865426 85.49186520938294 6
1694338865535 77.6841479354657 7
1694338865637 70.5963279592685 8
1694338865745 64.16192010341179 9
1694338865855 58.32048212354926 10
1694338865978 53.01718910122405 11
1694338866104 48.19886941040094 12
1694338866316 43.828948728008946 13
1694338866460 39.859567569352755 14
1694338866598 36.25537766524263 15
1694338866721 32.98260200969609 16
1694338866830 30.010632448785714 17
1694338866927 27.3116956057482 18
1694338867035 24.860588350170925 19
1694338867126 22.634439916737183 20
1694338867214 20.61249572888822 21
1694338867284 18.775921307208595 22
1694338867370 17.107624362092988 23
1694338867451 15.59209338587144 24
1694338867518 14.215251213013715 25
1694338867582 12.964322159442178 26
1694338867650 11.827711480934008 27
1694338867715 10.79489600757904 28
1694338867792 9.856324917377519 29
