1694345352200 159.68166369305123 0
1694345352458 159.52213430683867 1
1694345352805 159.36285367141392 2
1694345353165 159.2037323814478 3
1694345353560 159.0447703438301 4
1694345353778 158.8859673990352 5
1694345353941 158.72732338774335 6
1694345354144 158.56883815079422 7
1694345354308 158.41051152918698 8
1694345354471 158.25234336408028 9
1694345354630 158.0943334967918 10
1694345354830 157.93648176879827 11
1694345355010 157.77878802173532 12
1694345355171 157.62125209739733 13
1694345355502 157.46387383773708 14
1694345355760 157.30665308486581 15
1694345355976 157.14958968105304 16
1694345356378 156.99268346872626 17
1694345356680 156.83593429047093 18
1694345356908 156.67934198903018 19
1694345357079 156.52290640730484 20
1694345357259 156.3666273883531 21
1694345357420 156.21050477539043 22
1694345357628 156.0545384117894 23
1694345357793 155.8987281410796 24
1694345357962 155.74307380694736 25
1694345358123 155.58757525323568 26
1694345358312 155.4322323239441 27
1694345358512 155.27704486322835 28
1694345358726 155.12201271540053 29
