1694336587407 4.9673514215535635 0
1694336587468 4.967056498507259 1
1694336587533 4.966893648822426 2
1694336587599 4.966831584283392 3
1694336587667 4.966845609679978 4
1694336587723 4.966916255360518 5
1694336587790 4.967028199774342 6
1694336587841 4.96716941801803 7
1694336587922 4.967330507198322 8
1694336588003 4.9675041506328235 9
1694336588127 4.967684691437616 10
1694336588218 4.9678677925697805 11
1694336588314 4.968050165398035 12
1694336588407 4.968229352735239 13
1694336588473 4.968403555256963 14
1694336588539 4.9685714925561095 15
1694336588610 4.96873229190025 16
1694336588751 4.968885399181938 17
1694336588829 4.9690305076727785 18
1694336588893 4.969167501075947 19
1694336588990 4.969296408072305 20
1694336589121 4.969417366111105 21
1694336589206 4.9695305926390905 22
1694336589288 4.969636362315353 23
1694336589366 4.9697349890419655 24
1694336589480 4.9698268118672315 25
1694336589542 4.96991218400053 26
1694336589605 4.9699914643241865 27
1694336589656 4.9700650109059445 28
1694336589707 4.970133176111001 29
