1694336564655 169.089027582395 0
1694336564695 137.03598120269328 1
1694336564757 111.29267789768669 2
1694336564795 90.41574563191668 3
1694336564867 73.4834877772166 4
1694336564918 59.752561735243575 5
1694336564954 48.61420152071847 6
1694336565013 39.57734967364589 7
1694336565045 32.24412600784008 8
1694336565093 26.292127896102325 9
1694336565117 21.460095414955035 10
1694336565164 17.536301217766976 11
1694336565197 14.349146871828305 12
1694336565228 11.759546041333838 13
1694336565279 9.654754753319132 14
1694336565314 7.943373630460333 15
1694336565346 6.5512993123235015 16
1694336565392 5.418444660898749 17
1694336565447 4.496081655328556 18
1694336565478 3.7446886608675563 19
1694336565528 3.1322062516277707 20
1694336565591 2.6326239819245103 21
1694336565629 2.22483525163446 22
1694336565693 1.891709356316263 23
1694336565748 1.619339486740637 24
1694336565795 1.396433277097171 25
1694336565848 1.213818846376458 26
1694336565911 1.064044416557331 27
1694336565978 0.9410537536331491 28
1694336566119 0.8399230489163783 29
