1694338970966 6.109607833263579 0
1694338971079 5.967365842273215 1
1694338971170 5.843687342315274 2
1694338971263 5.736007106113291 3
1694338971345 5.642143989565345 4
1694338971419 5.560237617039513 5
1694338971513 5.488696555488325 6
1694338971599 5.426155719665043 7
1694338971696 5.371441220260441 8
1694338971804 5.323541235094574 9
1694338971977 5.281581772880135 10
1694338972143 5.244806426843985 11
1694338972295 5.212559395119176 12
1694338972413 5.184271186781687 13
1694338972560 5.159446544862999 14
1694338972700 5.1376542069802325 15
1694338972906 5.118518195347061 16
1694338973057 5.101710384733125 17
1694338973208 5.086944142450419 18
1694338973333 5.0739688710297886 19
1694338973435 5.062565313762651 20
1694338973542 5.052541507177375 21
1694338973657 5.043729283939342 22
1694338973775 5.0359812455089425 23
1694338973886 5.029168136872299 24
1694338973983 5.02317656633697 25
1694338974072 5.0179070222038265 26
1694338974161 5.0132721454402365 27
1694338974241 5.009195223570208 28
1694338974325 5.005608876088771 29
