1694346447331 164.6172516168175 0
1694346447626 164.45338413951288 1
1694346447915 164.2899062789905 2
1694346448442 164.12660768352484 3
1694346448715 163.96348828703898 4
1694346448982 163.80054788450812 5
1694346449202 163.63778627123665 6
1694346449364 163.47520324276869 7
1694346449553 163.31279859488734 8
1694346449748 163.15057212361478 9
1694346449967 162.98852362521194 10
1694346450186 162.82665289617802 11
1694346450341 162.66495973325036 12
1694346450474 162.50344393340413 13
1694346450774 162.3421052938522 14
1694346451035 162.18094361204442 15
1694346451255 162.0199586856678 16
1694346451462 161.85915031264614 17
1694346451802 161.6985182911395 18
1694346451992 161.5380624195442 19
1694346452147 161.3777824964923 20
1694346452336 161.21767832085158 21
1694346452535 161.05774969172506 22
1694346452705 160.8979964084508 23
1694346452859 160.73841827060164 24
1694346453000 160.5790150779848 25
1694346453191 160.41978663064182 26
1694346453372 160.260732728848 27
1694346453532 160.10185317311257 28
1694346453675 159.94314776417767 29
