1694345088535 169.08902758239503 0
1694345088697 169.05528993595615 1
1694345088845 169.03842574951844 2
1694345088999 169.0215624055496 3
1694345089191 169.00470074715068 4
1694345089392 168.98784077411116 5
1694345089571 168.97098248626247 6
1694345090008 168.9541258834361 7
1694345090272 168.93727096546365 8
1694345090484 168.92041773217665 9
1694345090669 168.9035661834067 10
1694345090828 168.8867163189854 11
1694345091004 168.86986813874435 12
1694345091189 168.85302164251516 13
1694345091341 168.83617683012946 14
1694345091494 168.819333701419 15
1694345091665 168.80249225621534 16
1694345091837 168.78565249435027 17
1694345092030 168.76881441565544 18
1694345092188 168.7519780199626 19
1694345092506 168.73514330710353 20
1694345092770 168.71831027690996 21
1694345093001 168.70147892921364 22
1694345093177 168.6846492638464 23
1694345093520 168.66782128064003 24
1694345093758 168.65099497942646 25
1694345093967 168.63417036003736 26
1694345094146 168.61734742230476 27
1694345094307 168.60052616606043 28
1694345094472 168.5837065911363 29
