1694338671886 169.089027582395 0
1694338671952 137.0359812026933 1
1694338672014 111.61786010116474 2
1694338672072 91.40935456346112 3
1694338672124 75.29814058154686 4
1694338672167 62.415288618018444 5
1694338672212 52.08125351745762 6
1694338672259 43.76394348184713 7
1694338672307 37.04615492141191 8
1694338672362 31.600270934009867 9
1694338672416 27.16859433458614 10
1694338672471 23.548052651464936 11
1694338672520 20.578296402717136 12
1694338672575 18.13243190032031 13
1694338672630 16.109800230641795 14
1694338672688 14.430346097766755 15
1694338672746 13.03022254068718 16
1694338672806 11.85835684374652 17
1694338672865 10.873764438256826 18
1694338672921 10.043445258218243 19
1694338672971 9.340733975120548 20
1694338673023 8.74400420508607 21
1694338673087 8.235649022240645 22
1694338673144 7.801277370743427 23
1694338673320 7.42907936425989 24
1694338673418 7.109323863491334 25
1694338673505 6.833959801990526 26
1694338673607 6.596299008897537 27
1694338673681 6.390763158212268 28
1694338673751 6.212681270770739 29
