1694338707886 6.400787754436653 0
1694338707946 6.316044761839637 1
1694338708003 6.235255975320156 2
1694338708058 6.159624466325555 3
1694338708115 6.088720229355787 4
1694338708180 6.02223041759968 5
1694338708247 5.95986072175609 6
1694338708316 5.901338596907609 7
1694338708492 5.846411248398155 8
1694338708605 5.794844047428601 9
1694338708699 5.746419077847665 10
1694338708786 5.700933812274203 11
1694338708877 5.658199904796732 12
1694338708956 5.618042089041293 13
1694338709020 5.580297171564551 14
1694338709085 5.544813111543133 15
1694338709148 5.511448178643287 16
1694338709221 5.4800701817708335 17
1694338709359 5.450555762131871 18
1694338709462 5.422789744688609 19
1694338709572 5.39666454268063 20
1694338709652 5.372079610406845 21
1694338709725 5.348940939933714 22
1694338709773 5.327160597817606 23
1694338709826 5.306656298307516 24
1694338709878 5.287351009834306 25
1694338709933 5.269172591897704 26
1694338709986 5.252053459736576 27
1694338710038 5.235930274414304 28
1694338710091 5.220743656172798 29
