1694344573494 50.909260992154515 0
1694344573697 49.900872089687724 1
1694344573852 48.91257786083868 2
1694344574032 47.943977643845614 3
1694344574217 46.99467877055353 4
1694344574369 46.064296406811806 5
1694344574532 45.15245339606171 6
1694344574719 44.25878010604999 7
1694344574917 43.3829142786058 8
1694344575244 42.524500882419915 9
1694344575561 41.6831919687659 10
1694344575810 40.85864653010463 11
1694344576103 40.05053036151411 12
1694344576459 39.258515924888584 13
1694344576741 38.48228221585084 14
1694344577041 37.72151463332416 15
1694344577246 36.975904851710126 16
1694344577455 36.24515069562038 17
1694344577623 35.528956017111426 18
1694344577750 34.82703057537191 19
1694344577877 34.13908991881393 20
1694344578047 33.464855269519724 21
1694344578197 32.80405340999705 22
1694344578401 32.156416572196804 23
1694344578542 31.521682328747737 24
1694344578675 30.899593486364 25
1694344578990 30.289897981381912 26
1694344579312 29.692348777383412 27
1694344579544 29.106703764864577 28
1694344579724 28.532725662908124 29
