1694340909986 3.2993138561578533e+108 0
1694340910198 1.0342618072558487e+112 1
1694340910392 3.2422506113874613e+115 2
1694340910566 1.0163951676225315e+119 3
1694340910698 3.1862408627720803e+122 4
1694340910815 9.988369837677375e+125 5
1694340910965 3.1311986855707555e+129 6
1694340911243 9.815821167871203e+132 7
1694340911411 3.0771073596712867e+136 8
1694340911612 9.64625326909523e+139 9
1694340911717 3.0239504591569026e+143 10
1694340911819 9.47961464865513e+146 11
1694340911923 2.9717118418683067e+150 12
1694340912027 9.315854703390456e+153 13
1694340912140 2.92037564450128e+157 14
1694340912251 9.154923704308522e+160 15
1694340912360 2.8699262777895904e+164 16
1694340912475 8.996772781482522e+167 17
1694340912613 2.8203484217708152e+171 18
1694340912757 8.841353909211875e+174 19
1694340912865 2.771627021134352e+178 20
1694340912985 8.688619891437916e+181 21
1694340913094 2.7237472806493854e+185 22
1694340913208 8.538524347411857e+188 23
1694340913312 2.6766946606721565e+192 24
1694340913406 8.391021697610496e+195 25
1694340913521 2.6304548727305778e+199 26
1694340913641 8.24606714989479e+202 27
1694340913852 2.5850138751853273e+206 28
1694340914055 8.103616685908183e+209 29
