1694338768137 1.4729369083594927e+212 0
1694338768200 9.595491037366988e+213 1
1694338768286 6.251512342332348e+215 2
1694338768385 4.072896123880722e+217 3
1694338768472 2.6535151953533376e+219 4
1694338768574 1.7287803760846436e+221 5
1694338768644 1.1263103350504055e+223 6
1694338768720 7.337976462426392e+224 7
1694338768818 4.780733771808478e+226 8
1694338768877 3.11467548498414e+228 9
1694338768954 2.029228950996649e+230 10
1694338769033 1.3220543056298305e+232 11
1694338769151 8.613259662868166e+233 12
1694338769347 5.611588094684835e+235 13
1694338769474 3.6559818439193095e+237 14
1694338769586 2.381893149949429e+239 15
1694338769672 1.551817054893791e+241 16
1694338769759 1.0110177158494143e+243 17
1694338769830 6.586838432648402e+244 18
1694338769924 4.291363035252307e+246 19
1694338770105 2.7958476420265594e+248 20
1694338770257 1.8215107818222347e+250 21
1694338770381 1.1867247264910641e+252 22
1694338770475 7.73157968934123e+253 23
1694338770580 5.037168532704719e+255 24
1694338770677 3.2817442031736357e+257 25
1694338770781 2.1380751795653865e+259 26
1694338770876 1.3929682481202518e+261 27
1694338770971 9.075268067354035e+262 28
1694338771045 5.912589221288961e+264 29
