1694345580624 168.67420684233377 0
1694345580782 168.65734209504322 1
1694345580963 168.64048872829142 2
1694345581125 168.62363704870933 3
1694345581401 168.60678705684364 4
1694345581863 168.5899387525251 5
1694345582063 168.57309213558457 6
1694345582348 168.55624720585305 7
1694345582590 168.53940396316142 8
1694345582813 168.5225624073406 9
1694345583019 168.5057225382215 10
1694345583202 168.48888435563515 11
1694345583370 168.47204785941258 12
1694345583524 168.45521304938472 13
1694345583675 168.43837992538263 14
1694345583866 168.42154848723732 15
1694345584030 168.4047187347799 16
1694345584186 168.3878906678414 17
1694345584401 168.3710642862529 18
1694345584584 168.35423958984555 19
1694345584773 168.33741657845044 20
1694345585011 168.32059525189877 21
1694345585395 168.3037756100216 22
1694345585666 168.28695765265022 23
1694345586059 168.27014137961572 24
1694345586319 168.2533267907494 25
1694345586630 168.2365138858824 26
1694345586858 168.219702664846 27
1694345587009 168.2028931274715 28
1694345587243 168.18608527359015 29
