1694345009051 167.68198033409013 0
1694345009218 167.648468009612 1
1694345009371 167.61496239790824 2
1694345009552 167.58146349763345 3
1694345009750 167.54797130744237 4
1694345010056 167.5144858259901 5
1694345010357 167.4810070519321 6
1694345010634 167.4475349839239 7
1694345010815 167.41406962062155 8
1694345011125 167.38061096068103 9
1694345011370 167.34715900275896 10
1694345011574 167.31371374551202 11
1694345011732 167.2802751875972 12
1694345011907 167.24684332767174 13
1694345012048 167.21341816439318 14
1694345012206 167.17999969641926 15
1694345012343 167.14658792240814 16
1694345012482 167.11318284101813 17
1694345012638 167.0797844509078 18
1694345012813 167.046392750736 19
1694345013011 167.01300773916194 20
1694345013180 166.979629414845 21
1694345013339 166.9462577764449 22
1694345013497 166.91289282262153 23
1694345013863 166.8795345520351 24
1694345014115 166.8461829633462 25
1694345014375 166.81283805521548 26
1694345014626 166.77949982630398 27
1694345014870 166.746168275273 28
1694345015127 166.71284340078415 29
