1694343470985 93.44787698807693 0
1694343471159 91.61507401463577 1
1694343471325 89.81854984784096 2
1694343471441 88.05755850610223 3
1694343471596 86.33143133282151 4
1694343471725 84.63943029846767 5
1694343471849 82.98093382127738 6
1694343472025 81.35521214664134 7
1694343472172 79.76168893497331 8
1694343472309 78.19964236251414 9
1694343472421 76.66853956464763 10
1694343472550 75.16772783210973 11
1694343472713 73.69653645492069 12
1694343472880 72.2545025888842 13
1694343473024 70.84091498282083 14
1694343473189 69.45534993252488 15
1694343473361 68.09710325102634 16
1694343473684 66.76578882304872 17
1694343473884 65.4608013238445 18
1694343474067 64.18151886618733 19
1694343474212 62.92761691425604 20
1694343474522 61.69850610138998 21
1694343474768 60.49358122007369 22
1694343474993 59.31257584669038 23
1694343475172 58.154796065211734 24
1694343475357 57.020007002932275 25
1694343475554 55.90764639557447 26
1694343475767 54.81713713232513 27
1694343475955 53.748297258302706 28
1694343476129 52.70057784713512 29
