1694346687569 169.2620821247078 0
1694346687903 169.24517209176773 1
1694346688245 169.228285220557 2
1694346688813 169.21140020508375 3
1694346689169 169.19451704654668 4
1694346689520 169.17763574473295 5
1694346689740 169.16075629942998 6
1694346689985 169.14387871042504 7
1694346690173 169.12700297750555 8
1694346690350 169.1101291004589 9
1694346690523 169.09325707907246 10
1694346690695 169.07638691313372 11
1694346690901 169.05951860243013 12
1694346691058 169.0426521467492 13
1694346691262 169.02578754587844 14
1694346691776 169.00892479960544 15
1694346692110 168.99206390771772 16
1694346692365 168.97520487000287 17
1694346692578 168.95834768624854 18
1694346692832 168.94149235624243 19
1694346693048 168.92463887977203 20
1694346693226 168.90778725662523 21
1694346693392 168.89093748658962 22
1694346693610 168.87408956945305 23
1694346693847 168.85724350500317 24
1694346694047 168.84039929302787 25
1694346694246 168.82355693331496 26
1694346694424 168.80671642565227 27
1694346694591 168.7898777698276 28
1694346694819 168.77304096562895 29
