1694344023143 169.089027582395 0
1694344023285 165.73195717333064 1
1694344023420 164.12613470536252 2
1694344023554 162.51385480667076 3
1694344023678 160.918126179189 4
1694344023821 159.33788552743445 5
1694344023977 157.77343268352465 6
1694344024150 156.22426361034516 7
1694344024297 154.69034075511652 8
1694344024585 153.17187678469145 9
1694344024857 151.66816909375697 10
1694344025055 150.17951222526997 11
1694344025259 148.70550588519953 12
1694344025401 147.2456749869006 13
1694344025596 145.80083976522465 14
1694344025739 144.37009676444345 15
1694344025890 142.9534901593269 16
1694344026027 141.55072747931416 17
1694344026167 140.16179168823786 18
1694344026336 138.7868862685653 19
1694344026463 137.42527911879145 20
1694344026597 136.07735877907675 21
1694344026718 134.74268030452905 22
1694344026898 133.42101820226694 23
1694344027185 132.11239418891796 24
1694344027449 130.8170107665249 25
1694344027627 129.5342949125265 26
1694344027778 128.26407023904537 27
1694344028047 127.00665641906686 28
1694344028265 125.76157838870026 29
