1694338641530 0.2772257956381537 0
1694338641602 0.27690625770623434 1
1694338641680 0.2766381061296939 2
1694338641877 0.2764129398668528 3
1694338641997 0.276223749676181 4
1694338642143 0.2760646849265802 5
1694338642245 0.27593085987834115 6
1694338642328 0.27581819268744334 7
1694338642393 0.2757232715510346 8
1694338642465 0.27564324337370105 9
1694338642545 0.2755757211284323 10
1694338642610 0.27551870674251505 11
1694338642690 0.2754705268811915 12
1694338642774 0.2754297794507134 13
1694338642844 0.27539528901380556 14
1694338642931 0.2753660696180103 15
1694338643018 0.27534129379204153 16
1694338643091 0.2753202666762789 17
1694338643159 0.2753024044284444 18
1694338643229 0.27528721619055313 19
1694338643305 0.27527428902357143 20
1694338643376 0.2752632753160692 21
1694338643440 0.2752538822560891 22
1694338643507 0.2752458630243048 23
1694338643567 0.2752390094237669 24
1694338643623 0.2752331457090901 25
1694338643683 0.2752281234174784 26
1694338643732 0.27522381703687104 27
1694338643792 0.2752201203738618 28
1694338643857 0.2752169435068164 29
