1694341179362 169.089027582395 0
1694341179472 137.0359812026933 1
1694341179578 111.07055801636226 2
1694341179680 90.03636468806424 3
1694341179813 72.99671791858559 4
1694341179941 59.19289074437495 5
1694341180064 48.01029594604877 6
1694341180179 38.95109724406671 7
1694341180293 31.612026099641678 8
1694341180421 25.666414421246774 9
1694341180567 20.849641713525877 10
1694341180790 16.947347622532202 11
1694341181080 13.785884249322537 12
1694341181278 11.224582543637833 13
1694341181458 9.14948801955077 14
1694341181626 7.468286573214289 15
1694341181766 6.106194257941527 16
1694341181906 5.002627854913315 17
1694341182042 4.108507888604191 18
1694341182174 3.384073928922736 19
1694341182319 2.797114855664311 20
1694341182432 2.3215352542937504 21
1694341182533 1.9361940905534 22
1694341182636 1.6239639431945916 23
1694341182757 1.3709689004247585 24
1694341182907 1.1659671846998008 25
1694341183035 0.9998510171890901 26
1694341183155 0.8652414550343785 27
1694341183274 0.7561601642034756 28
1694341183475 0.6677635168410141 29
