1694340803183 1.4593343491994152e+212 0
1694340803289 9.506876763554563e+213 1
1694340803398 6.193779681826759e+215 2
1694340803480 4.0352829646452733e+217 3
1694340803579 2.6290100062837432e+219 4
1694340803656 1.7128151047909496e+221 5
1694340803744 1.1159088691911635e+223 6
1694340803839 7.270210315499925e+224 7
1694340803967 4.7365837382323913e+226 8
1694340804156 3.0859114847690306e+228 9
1694340804324 2.010489039803851e+230 10
1694340804468 1.3098451459549745e+232 11
1694340804573 8.533716287004452e+233 12
1694340804681 5.559765128876419e+235 13
1694340804803 3.622218884326278e+237 14
1694340805006 2.359896388037064e+239 15
1694340805148 1.5374860382867866e+241 16
1694340805312 1.0016809762961816e+243 17
1694340805426 6.526009038701317e+244 18
1694340805511 4.2517323360465475e+246 19
1694340805598 2.770028014086414e+248 20
1694340805675 1.8046891460618817e+250 21
1694340805750 1.17576533426783e+252 22
1694340805845 7.660178620138621e+253 23
1694340805934 4.99065032640793e+255 24
1694340806025 3.251437324842021e+257 25
1694340806131 2.118330074426404e+259 26
1694340806227 1.3801041988214766e+261 27
1694340806318 8.991458048011853e+262 28
1694340806395 5.857986512771622e+264 29
