1694344639250 167.33277640541183 0
1694344639461 167.29933270352035 1
1694344639650 167.26589570077329 2
1694344639833 167.23246539582777 3
1694344640045 167.19904178734157 4
1694344640213 167.16562487397235 5
1694344640401 167.13221465437826 6
1694344640587 167.09881112721772 7
1694344640969 167.0654142911493 8
1694344641253 167.0320241448319 9
1694344641537 166.99864068692472 10
1694344641852 166.96526391608717 11
1694344642196 166.93189383097902 12
1694344642466 166.89853043026025 13
1694344642733 166.86517371259103 14
1694344642912 166.8318236766319 15
1694344643071 166.7984803210437 16
1694344643263 166.76514364448744 17
1694344643440 166.7318136456244 18
1694344643618 166.6984903231163 19
1694344643792 166.66517367562489 20
1694344644043 166.6318637018123 21
1694344644302 166.59856040034103 22
1694344644662 166.5652637698736 23
1694344644943 166.531973809073 24
1694344645180 166.49869051660252 25
1694344645372 166.46541389112554 26
1694344645546 166.43214393130575 27
1694344645763 166.39888063580727 28
1694344645916 166.3656240032943 29
