1694339360822 15.968897974960358 0
1694339360900 15.17224131859176 1
1694339361004 14.445861217293663 2
1694339361095 13.776697194619803 3
1694339361206 13.160145763268615 4
1694339361307 12.59158251721679 5
1694339361405 12.066853028879482 6
1694339361486 11.582194234936495 7
1694339361572 11.134196981923605 8
1694339361646 10.719770412687426 9
1694339361739 10.336110201549712 10
1694339361839 9.980670088161572 11
1694339361969 9.651136366943472 12
1694339362202 9.345405016814563 13
1694339362350 9.061561190550615 14
1694339362499 8.79786081335646 15
1694339362654 8.552714067234248 16
1694339362768 8.324670561787594 17
1694339362974 8.11240601354681 18
1694339363128 7.914710275016621 19
1694339363274 7.7304765716897625 20
1694339363402 7.558691820463668 21
1694339363504 7.3984279164448035 22
1694339363597 7.248833887204981 23
1694339363673 7.109128824327285 24
1694339363739 6.9785955116870415 25
1694339363828 6.856574678483397 26
1694339363920 6.742459812682128 27
1694339364001 6.635692477350917 28
1694339364101 6.5357580784541 29
