1694340758375 169.089027582395 0
1694340758463 1647.0555026711227 1
1694340758561 6368726.376541867 2
1694340758640 26162510031.386738 3
1694340758752 107476031761079.73 4
1694340758859 4.4151334939567654e+17 5
1694340758972 1.8137442786130377e+21 6
1694340759071 7.45089205729403e+24 7
1694340759186 3.0608390115446633e+28 8
1694340759308 1.257397823314621e+32 9
1694340759427 5.165411444747861e+35 10
1694340759549 2.1219597249816498e+39 11
1694340759712 8.717046304263926e+42 12
1694340759931 3.580977309611207e+46 13
1694340760106 1.4710715125693263e+50 14
1694340760280 6.043186560508953e+53 15
1694340760421 2.482551221546754e+57 16
1694340760528 1.0198362247953175e+61 17
1694340760623 4.1895043952275646e+64 18
1694340760729 1.7210554646804885e+68 19
1694340760830 7.070124847895484e+71 20
1694340760927 2.9044192003486244e+75 21
1694340761043 1.1931403013151454e+79 22
1694340761163 4.90144046166449e+82 23
1694340761273 2.0135200003521037e+86 24
1694340761358 8.271574088326574e+89 25
1694340761456 3.397976572704077e+93 26
1694340761532 1.3958945015000954e+97 27
1694340761622 5.7343581323387e+100 28
1694340761728 2.3556839828927993e+104 29
