1694342842391 169.089027582395 0
1694342842510 168.9280369987604 1
1694342842609 168.85174775295255 2
1694342842728 168.77590122628422 3
1694342842878 168.70131540315074 4
1694342843019 168.62788784496144 5
1694342843166 168.5555501555062 6
1694342843485 168.48423727489384 7
1694342843679 168.41388820316848 8
1694342843917 168.3444457183706 9
1694342844098 168.27585614334208 10
1694342844283 168.20806912596842 11
1694342844431 168.14103743307572 12
1694342844578 168.0747167571024 13
1694342844734 168.00906553475434 14
1694342844838 167.944044776901 15
1694342844962 167.8796179090152 16
1694342845095 167.8157506215043 17
1694342845246 167.75241072931738 18
1694342845441 167.68956804025612 19
1694342845581 167.62719423144767 20
1694342845744 167.56526273347484 21
1694342845937 167.50374862168854 22
1694342846205 167.4426285142572 23
1694342846408 167.3818804765357 24
1694342846599 167.32148393136242 25
1694342846751 167.261419574916 26
1694342846959 167.20166929778824 27
1694342847159 167.1422161109494 28
1694342847362 167.08304407630223 29
