1694345444718 164.61917844344197 0
1694345444870 164.45481549380767 1
1694345445025 164.29082657787848 2
1694345445231 164.12700139571126 3
1694345445389 163.96333990160682 4
1694345445687 163.79984193190975 5
1694345445950 163.63650732319184 6
1694345446189 163.47333591218816 7
1694345446400 163.31032753579714 8
1694345446758 163.14748203108013 9
1694345447028 162.9847992352613 10
1694345447221 162.82227898572773 11
1694345447379 162.65992112002888 12
1694345447560 162.49772547587668 13
1694345447716 162.33569189114533 14
1694345447886 162.17382020387097 15
1694345448072 162.01211025225174 16
1694345448250 161.85056187464752 17
1694345448447 161.68917490957975 18
1694345448642 161.52794919573122 19
1694345448825 161.36688457194612 20
1694345449001 161.2059808772296 21
1694345449271 161.04523795074786 22
1694345449555 160.88465563182783 23
1694345449750 160.72423375995697 24
1694345449963 160.56397217478337 25
1694345450284 160.40387071611525 26
1694345450518 160.24392922392104 27
1694345450686 160.0841475383291 28
1694345450901 159.92452549962763 29
