1694338579163 0.3338314917866028 0
1694338579259 0.33283792703145026 1
1694338579344 0.33194750250716043 2
1694338579430 0.3311488296611522 3
1694338579516 0.33043190282731416 4
1694338579588 0.32978791106023897 5
1694338579664 0.329209078565465 6
1694338579735 0.32868852896656914 7
1694338579822 0.3282201694977539 8
1694338579897 0.3277985918994781 9
1694338579995 0.3274189873557146 10
1694338580113 0.3270770732692921 11
1694338580193 0.3267690300463267 12
1694338580279 0.32649144636777183 13
1694338580355 0.32624127167834316 14
1694338580537 0.3260157748307743 15
1694338580631 0.32581250799472733 16
1694338580700 0.32562927508143197 17
1694338580768 0.32546410405261544 18
1694338580838 0.3253152225799101 19
1694338580892 0.3251810366022124 20
1694338580953 0.3250601113963352 21
1694338581010 0.32495115483307546 22
1694338581072 0.32485300253845584 23
1694338581141 0.3247646047199456 24
1694338581206 0.32468501445123843 25
1694338581266 0.32461337723770195 26
1694338581324 0.32454892170879496 27
1694338581385 0.32449095130429545 28
1694338581453 0.32443883683868685 29
