1694340814211 170.50099104095807 0
1694340814284 3871.2807811114735 1
1694340814357 15505078.838261463 2
1694340814460 63694799326.40532 3
1694340814557 261659308586288.53 4
1694340814634 1.0749008485104892e+18 5
1694340814710 4.4157107972629065e+21 6
1694340814811 1.8139814357839306e+25 7
1694340814888 7.451866302948054e+28 8
1694340814965 3.061239233300893e+32 9
1694340815052 1.2575622350864333e+36 10
1694340815151 5.1660868510767156e+39 11
1694340815243 2.12223718303956e+43 12
1694340815332 8.718186106640835e+46 13
1694340815460 3.581445542348152e+50 14
1694340815632 1.4712638633666053e+54 15
1694340815774 6.043976740825191e+57 16
1694340815857 2.4828758289520725e+61 17
1694340815931 1.0199695740643663e+65 18
1694340816015 4.19005219627168e+68 19
1694340816108 1.7212805022724372e+72 20
1694340816199 7.071049306115011e+75 21
1694340816297 2.904798969342865e+79 22
1694340816396 1.1932963110578798e+83 23
1694340816478 4.902081352316333e+86 24
1694340816571 2.0137832793117535e+90 25
1694340816673 8.2726556427289375e+93 26
1694340816762 3.398420877074936e+97 27
1694340816843 1.3960770224842792e+101 28
1694340816925 5.735107931617142e+104 29
