1694343193500 166.48265742531254 0
1694343193642 166.41683758860506 1
1694343193945 166.35541283698265 2
1694343194169 166.29407165052766 3
1694343194373 166.23283469743265 4
1694343194555 166.17170121719417 5
1694343194833 166.11067055282584 6
1694343195146 166.04974205262215 7
1694343195396 165.98891507055234 8
1694343195591 165.92818896620764 9
1694343195767 165.86756310475062 10
1694343195922 165.80703685686527 11
1694343196059 165.74660959870718 12
1694343196229 165.68628071185464 13
1694343196370 165.62604958325971 14
1694343196529 165.56591560520033 15
1694343196711 165.50587817523194 16
1694343196888 165.4459366961405 17
1694343197034 165.38609057589528 18
1694343197172 165.32633922760255 19
1694343197316 165.2666820694592 20
1694343197520 165.20711852470703 21
1694343197781 165.14764802158768 22
1694343198018 165.0882699932976 23
1694343198183 165.02898387794338 24
1694343198329 164.96978911849794 25
1694343198610 164.9106851627566 26
1694343198816 164.85167146329405 27
1694343199029 164.7927474774212 28
1694343199222 164.73391266714268 29
