1694348715803 119.7113189649795 0
1694348715960 84.54642742243627 1
1694348716082 58.77296849001804 2
1694348716205 40.68949100076891 3
1694348716370 28.748244950100418 4
1694348716537 19.822280537213413 5
1694348716710 13.571190036281314 6
1694348716864 10.331681668855275 7
1694348717204 6.825461809915146 8
1694348717487 4.749841451774756 9
1694348717622 3.4907186222386826 10
1694348717741 2.72790147875134 11
1694348717851 1.9175222997951136 12
1694348717972 1.2392283071000738 13
1694348718081 0.9583734905992564 14
1694348718196 0.8040975837216945 15
1694348718306 0.8423441876049016 16
1694348718424 0.5877877367856099 17
1694348718538 0.4490753166615062 18
1694348718658 0.4274210909089539 19
1694348718814 0.4395018830302077 20
1694348719003 0.3773154684711984 21
1694348719125 0.32903327697080026 22
1694348719248 0.3158822346620184 23
1694348719359 0.24351702296428182 24
1694348719480 0.27476432037787746 25
1694348719805 0.36190895263190836 26
1694348720038 0.3522290921101379 27
1694348720258 0.2398852038230143 28
1694348720503 0.3254477307688636 29
