1694338636694 169.08902758239503 0
1694338636756 137.0359812026933 1
1694338636817 111.07055801636226 2
1694338636894 90.03636468806424 3
1694338636967 72.9967179185856 4
1694338637040 59.192890744374964 5
1694338637125 48.01029594604879 6
1694338637212 38.951097244066716 7
1694338637273 31.612026099641685 8
1694338637335 25.666414421246778 9
1694338637392 20.849641713525877 10
1694338637453 16.947347622532202 11
1694338637522 13.785884249322537 12
1694338637581 11.224582543637833 13
1694338637645 9.149488019550768 14
1694338637713 7.4682865732142885 15
1694338637781 6.106194257941527 16
1694338637849 5.002627854913315 17
1694338637931 4.108507888604191 18
1694338638005 3.384073928922736 19
1694338638143 2.7971148556643106 20
1694338638260 2.321535254293751 21
1694338638379 1.9361940905534003 22
1694338638470 1.6239639431945916 23
1694338638563 1.3709689004247583 24
1694338638660 1.1659671846998014 25
1694338638733 0.9998510171890902 26
1694338638812 0.8652414550343787 27
1694338638895 0.7561601642034758 28
1694338638962 0.6677635168410141 29
