1694345282350 168.90542587634874 0
1694345282541 168.8885484478344 1
1694345282706 168.871694589222 2
1694345282895 168.85484241453855 3
1694345283056 168.83799192483846 4
1694345283204 168.82114311995323 5
1694345283572 168.80429599971438 6
1694345283826 168.78745056395334 7
1694345284140 168.77060681250174 8
1694345284437 168.75376474519103 9
1694345284681 168.7369243618529 10
1694345284853 168.7200856623188 11
1694345285047 168.70324864642043 12
1694345285216 168.68641331398945 13
1694345285421 168.66957966485734 14
1694345285580 168.65274769885593 15
1694345285745 168.63591741581675 16
1694345285896 168.61908881557153 17
1694345286065 168.60226189795202 18
1694345286276 168.58543666278987 19
1694345286445 168.56861310991687 20
1694345286612 168.55179123916474 21
1694345286752 168.5349710503653 22
1694345286907 168.5181525433503 23
1694345287287 168.5013357179516 24
1694345287506 168.4845205740009 25
1694345287744 168.46770711133016 26
1694345287941 168.45089532977116 27
1694345288276 168.4340852291558 28
1694345288521 168.41727680931598 29
