1694343380057 167.34901677418173 0
1694343380309 167.31585075970045 1
1694343380543 167.2826913586123 2
1694343380885 167.2495385695953 3
1694343381204 167.21639239132773 4
1694343381406 167.18325282248816 5
1694343381595 167.15011986175546 6
1694343381744 167.11699350780867 7
1694343381895 167.0838737593272 8
1694343382054 167.0507606149906 9
1694343382204 167.01765407347884 10
1694343382349 166.98455413347202 11
1694343382510 166.95146079365057 12
1694343382655 166.91837405269519 13
1694343382820 166.88529390928676 14
1694343382977 166.85222036210658 15
1694343383286 166.81915340983608 16
1694343383523 166.78609305115697 17
1694343383716 166.75303928475125 18
1694343383885 166.71999210930124 19
1694343384188 166.68695152348943 20
1694343384490 166.6539175259986 21
1694343384715 166.62089011551186 22
1694343384957 166.58786929071243 23
1694343385112 166.55485505028398 24
1694343385261 166.52184739291033 25
1694343385393 166.4888463172756 26
1694343385518 166.45585182206412 27
1694343385618 166.42286390596058 28
1694343385752 166.38988256764986 29
