1694344337364 169.25242936584954 0
1694344337559 169.23564505510294 1
1694344337754 169.21888371531458 2
1694344337993 169.2021240436431 3
1694344338201 169.18536604111986 4
1694344338421 169.16860970757838 5
1694344338736 169.15185504285196 6
1694344339006 169.1351020467741 7
1694344339331 169.11835071917827 8
1694344339577 169.10160105989792 9
1694344339821 169.0848530687665 10
1694344340048 169.0681067456176 11
1694344340228 169.05136209028475 12
1694344340392 169.03461910260143 13
1694344340587 169.01787778240126 14
1694344340756 169.00113812951776 15
1694344340916 168.98440014378457 16
1694344341054 168.96766382503526 17
1694344341206 168.95092917310353 18
1694344341366 168.93419618782292 19
1694344341567 168.91746486902716 20
1694344341760 168.90073521654995 21
1694344341938 168.88400723022494 22
1694344342339 168.86728090988578 23
1694344342619 168.85055625536634 24
1694344342935 168.83383326650025 25
1694344343258 168.81711194312132 26
1694344343489 168.80039228506325 27
1694344343676 168.78367429215996 28
1694344343843 168.7669579642452 29
