1694339346254 6.400787754436651 0
1694339346360 6.316044761839638 1
1694339346457 6.235255975320156 2
1694339346564 6.159624466325555 3
1694339346672 6.088720229355787 4
1694339346755 6.02223041759968 5
1694339346967 5.959860721756091 6
1694339347129 5.901338596907609 7
1694339347259 5.846411248398155 8
1694339347386 5.794844047428601 9
1694339347608 5.746419077847665 10
1694339347740 5.700933812274203 11
1694339347880 5.658199904796724 12
1694339348073 5.618042089041285 13
1694339348230 5.580297171564551 14
1694339348382 5.544813111543134 15
1694339348517 5.511448178643287 16
1694339348626 5.4800701817708335 17
1694339348729 5.450555762131871 18
1694339348822 5.422789744688601 19
1694339348904 5.39666454268063 20
1694339349002 5.372079610406845 21
1694339349100 5.348940939933714 22
1694339349192 5.327160597817606 23
1694339349298 5.306656298307516 24
1694339349386 5.287351009834306 25
1694339349483 5.269172591897705 26
1694339349592 5.252053459736576 27
1694339349694 5.2359302744143035 28
1694339349803 5.220743656172798 29
