1694343643641 167.69417924622263 0
1694343643974 167.66091816114653 1
1694343644181 167.62766371226093 2
1694343644428 167.59441589823837 3
1694343644690 167.56117471775184 4
1694343645012 167.5279401694744 5
1694343645308 167.49471225207952 6
1694343645512 167.46149096424085 7
1694343645725 167.42827630463236 8
1694343645944 167.39506827192824 9
1694343646178 167.36186686480303 10
1694343646435 167.32867208193142 11
1694343646657 167.2954839219884 12
1694343646920 167.26230238364928 13
1694343647212 167.2291274655896 14
1694343647584 167.19595916648518 15
1694343647810 167.16279748501208 16
1694343648120 167.12964241984653 17
1694343648427 167.09649396966535 18
1694343648705 167.06335213314523 19
1694343648924 167.0302169089634 20
1694343649148 166.99708829579717 21
1694343649399 166.96396629232433 22
1694343649627 166.9308508972227 23
1694343649831 166.89774210917045 24
1694343650078 166.86463992684617 25
1694343650298 166.83154434892847 26
1694343650503 166.7984553740964 27
1694343650716 166.76537300102913 28
1694343651120 166.73229722840625 29
