1694341138367 169.44823357303582 0
1694341138466 137.082424989419 1
1694341138564 125.56566556460649 2
1694341138654 114.00523300484336 3
1694341138783 103.5708119723594 4
1694341138891 94.09055205621486 5
1694341139004 85.49148200847365 6
1694341139110 77.6837980257703 7
1694341139220 70.59600794696084 8
1694341139330 64.16162762785817 9
1694341139440 58.3202149405234 10
1694341139724 53.016945137628696 11
1694341139896 48.19864982653097 12
1694341140082 43.828746621944504 13
1694341140197 39.859383350913326 14
1694341140305 36.25520970251377 15
1694341140411 32.98244894385142 16
1694341140505 30.010493018027415 17
1694341140587 27.311568649886347 18
1694341140677 24.86047280247143 19
1694341140777 22.634334797131704 20
1694341140892 20.612400137516836 21
1694341141004 18.77583441836263 22
1694341141118 17.107545418541747 23
1694341141229 15.592021693560731 24
1694341141337 14.215186136121304 25
1694341141423 12.964263115774454 26
1694341141509 11.827657937647256 27
1694341141599 10.794847477208423 28
1694341141684 9.856280954156531 29
