1694344162603 168.90948772301203 0
1694344162735 168.89274865786007 1
1694344162896 168.8760302058623 2
1694344163019 168.85931635380535 3
1694344163180 168.84260123056944 4
1694344163338 168.8258907068222 5
1694344163536 168.80918086809126 6
1694344163697 168.7924726933857 7
1694344163845 168.77576422760131 8
1694344163986 168.75906035831085 9
1694344164137 168.74235717406722 10
1694344164293 168.7256556531849 11
1694344164608 168.70895384194785 12
1694344164824 168.69225662445837 13
1694344165013 168.67556009204606 14
1694344165444 168.65886522233131 15
1694344165736 168.64217006298577 16
1694344165966 168.62547949464235 17
1694344166161 168.60878961140668 18
1694344166323 168.5921013902049 19
1694344166468 168.57541288009605 20
1694344166616 168.55872895824493 21
1694344166744 168.54204572153208 22
1694344166878 168.52536414618982 23
1694344167034 168.50868228266378 24
1694344167178 168.49200500465227 25
1694344167326 168.4753284118095 26
1694344167466 168.45865153167253 27
1694344167601 168.44197923484268 28
1694344167810 168.42530762325472 29
