1694345413339 124.75340598901073 0
1694345413645 123.51669818663842 1
1694345413897 122.29407011394537 2
1694345414187 121.08356529440812 3
1694345414459 119.88507347773721 4
1694345414681 118.69847536395105 5
1694345414880 117.52365289184978 6
1694345415049 116.3604891721198 7
1694345415238 115.20886847598418 8
1694345415410 114.06867622367608 9
1694345415614 112.93979897302839 10
1694345415793 111.82212440817653 11
1694345415975 110.71554132837356 12
1694345416160 109.61993963691643 13
1694345416637 108.53521033018212 14
1694345416944 107.46124548677277 15
1694345417165 106.39793825676858 16
1694345417410 105.34518285108751 17
1694345417610 104.3028745309507 18
1694345417774 103.27090959745239 19
1694345417944 102.24918538123353 20
1694345418116 101.23760023225812 21
1694345418277 100.23605350969073 22
1694345418447 99.24444557187502 23
1694345418613 98.26267776641134 24
1694345418771 97.2906524203333 25
1694345418944 96.32827283038158 26
1694345419085 95.37544325337463 27
1694345419226 94.43206889667482 28
1694345419371 93.49805590874932 29
