1694339225831 0.5956037614729317 0
1694339225906 0.5344308813071856 1
1694339226017 0.4848577068422693 2
1694339226110 0.44468249571900104 3
1694339226249 0.41212165984231564 4
1694339226504 0.38573032278578623 5
1694339226695 0.36433797306756993 6
1694339226882 0.3469963443832963 7
1694339227048 0.33293719915367936 8
1694339227218 0.32153813337482956 9
1694339227406 0.31229487844802023 10
1694339227583 0.304798865368792 11
1694339227755 0.2987190512954288 12
1694339227915 0.2937871985602427 13
1694339228044 0.28978595011046127 14
1694339228157 0.286539170034298 15
1694339228276 0.2839041188024298 16
1694339228373 0.2817651146391061 17
1694339228480 0.28002839867798485 18
1694339228614 0.2786179752097076 19
1694339228725 0.27747224178388175 20
1694339228846 0.2765412591254115 21
1694339228955 0.27578453933358976 22
1694339229063 0.275169253923258 23
1694339229183 0.27466878197027217 24
1694339229308 0.27426153377242873 25
1694339229422 0.2739299977073086 26
1694339229547 0.2736599679072588 27
1694339229677 0.27343991842203974 28
1694339229800 0.27326049606037967 29
