1694338544332 5.992607073382857e+211 0
1694338544394 3.9039015952930996e+213 1
1694338544450 2.5434122038347168e+215 2
1694338544510 1.6570476293044604e+217 3
1694338544603 1.0795760387805056e+219 4
1694338544730 7.033499840525381e+220 5
1694338544834 4.5823655055020244e+222 6
1694338544912 2.9854374212151536e+224 7
1694338544990 1.9450296108615038e+226 8
1694338545088 1.2671979523818662e+228 9
1694338545159 8.255867373708278e+229 10
1694338545227 5.378744967520375e+231 11
1694338545295 3.5042832104788067e+233 12
1694338545367 2.2830606197907982e+235 13
1694338545435 1.4874270943778365e+237 14
1694338545499 9.690672870928978e+238 15
1694338545651 6.3135289821138546e+240 16
1694338545742 4.1133003599336717e+242 17
1694338545832 2.6798387873030025e+244 18
1694338545932 1.7459303472916078e+246 19
1694338546008 1.137483639701167e+248 20
1694338546075 7.410771183369008e+249 21
1694338546137 4.828159950210883e+251 22
1694338546187 3.145573912352652e+253 23
1694338546245 2.04935945372758e+255 24
1694338546298 1.3351694436712267e+257 25
1694338546358 8.698705539776471e+258 26
1694338546406 5.66725657379336e+260 27
1694338546461 3.6922501774935794e+262 28
1694338546509 2.4055221773868426e+264 29
