1694343443052 168.42569198692837 0
1694343443172 168.39234922246686 1
1694343443298 168.3590150446154 2
1694343443428 168.32568750497862 3
1694343443554 168.29236660223182 4
1694343443667 168.25905039222786 5
1694343443768 168.22574276076452 6
1694343443890 168.19244176221775 7
1694343444013 168.1591473952638 8
1694343444160 168.12585771852372 9
1694343444320 168.09257661226118 10
1694343444461 168.05930213362134 11
1694343444585 168.02603428128143 12
1694343444737 167.99277111662852 13
1694343444959 167.9595165143964 14
1694343445132 167.9262685344973 15
1694343445299 167.8930271756095 16
1694343445459 167.85979050188396 17
1694343445592 167.8265623825288 18
1694343445828 167.7933408802212 19
1694343446008 167.76012406138412 20
1694343446176 167.72691579068305 21
1694343446354 167.69371413306803 22
1694343446522 167.66051908721928 23
1694343446700 167.62732872231996 24
1694343446852 167.59414689751742 25
1694343446993 167.5609716805228 26
1694343447138 167.52780307001754 27
1694343447283 167.4946391379426 28
1694343447418 167.46148373793153 29
