1694338661057 169.089027582395 0
1694338661109 137.0359812026933 1
1694338661164 125.15781885934176 2
1694338661216 113.54300086379 3
1694338661269 103.04697803715955 4
1694338661325 93.52195948924738 5
1694338661380 84.88010917748173 6
1694338661430 77.0394248344917 7
1694338661483 69.92562486555369 8
1694338661538 63.471310733213464 9
1694338661589 57.615334580918535 10
1694338661638 52.30221914610013 11
1694338661704 47.48163181052718 12
1694338661777 43.10790742853972 13
1694338661858 39.139615423528035 14
1694338661923 35.53916704399214 15
1694338661981 32.27245905277813 16
1694338662042 29.308550468925887 17
1694338662109 26.619369295333172 18
1694338662172 24.179446450076796 19
1694338662223 21.965674377439598 20
1694338662286 19.957088048928206 21
1694338662353 18.134666277056624 22
1694338662460 16.48115145743482 23
1694338662609 14.98088602957184 24
1694338662723 13.619664105440384 25
1694338662819 12.384596858762873 26
1694338662924 11.263990398534128 27
1694338663009 10.247234968733476 28
1694338663091 9.32470442362485 29
