1694338957333 4.967351421553564 0
1694338957405 4.967056498507268 1
1694338957494 4.966893648822434 2
1694338957587 4.966831584283391 3
1694338957665 4.966845609679979 4
1694338957739 4.966916255360518 5
1694338957827 4.967028199774342 6
1694338957900 4.967169418018029 7
1694338957978 4.967330507198322 8
1694338958069 4.9675041506328235 9
1694338958141 4.967684691437616 10
1694338958246 4.9678677925697805 11
1694338958341 4.968050165398035 12
1694338958535 4.968229352735239 13
1694338958679 4.968403555256963 14
1694338958819 4.9685714925561095 15
1694338958947 4.968732291900249 16
1694338959093 4.968885399181938 17
1694338959236 4.9690305076727785 18
1694338959460 4.969167501075946 19
1694338959645 4.969296408072305 20
1694338959790 4.969417366111105 21
1694338959895 4.969530592639091 22
1694338959972 4.969636362315356 23
1694338960069 4.9697349890419655 24
1694338960159 4.9698268118672315 25
1694338960248 4.969912184000531 26
1694338960347 4.9699914643241865 27
1694338960442 4.9700650109059525 28
1694338960513 4.970133176111008 29
