1694337701735 8.396579560820784e+107 0
1694337701807 2.584982073497543e+111 1
1694337701876 7.958161351566897e+114 2
1694337701940 2.450010495220583e+118 3
1694337702013 7.542635995322264e+121 4
1694337702073 2.3220862877490966e+125 5
1694337702131 7.148806771394517e+128 6
1694337702185 2.2008414814022604e+132 7
1694337702227 6.775540843602971e+135 8
1694337702279 2.0859273196760163e+139 9
1694337702331 6.421764525379223e+142 10
1694337702388 1.977013255947203e+146 11
1694337702440 6.086460191344625e+149 12
1694337702495 1.873786002667655e+153 13
1694337702543 5.768663350145986e+156 14
1694337702604 1.77594863020331e+160 15
1694337702657 5.467459870129516e+163 16
1694337702724 1.6832197127264044e+167 17
1694337702798 5.181983349872542e+170 18
1694337702851 1.5953325187037675e+174 19
1694337702903 4.911412626009878e+177 20
1694337703018 1.5120342436527764e+181 21
1694337703072 4.654969411185502e+184 22
1694337703122 1.4330852829579662e+188 23
1694337703156 4.411916055335946e+191 24
1694337703192 1.3582585426566053e+195 25
1694337703246 4.181553423865337e+198 26
1694337703295 1.2873387862107875e+202 27
1694337703349 3.9632188866087385e+205 28
1694337703410 1.2201220153869016e+209 29
