1694336555084 169.08902758239503 0
1694336555129 1647.055502671124 1
1694336555167 6368726.3765418595 2
1694336555216 26162510031.38664 3
1694336555265 107476031761079.3 4
1694336555305 4.415133493956744e+17 5
1694336555344 1.8137442786130309e+21 6
1694336555392 7.45089205729399e+24 7
1694336555425 3.060839011544652e+28 8
1694336555466 1.257397823314617e+32 9
1694336555510 5.165411444747829e+35 10
1694336555551 2.121959724981632e+39 11
1694336555599 8.717046304263843e+42 12
1694336555645 3.5809773096111763e+46 13
1694336555678 1.4710715125693083e+50 14
1694336555728 6.043186560508895e+53 15
1694336555777 2.4825512215467243e+57 16
1694336555809 1.0198362247953063e+61 17
1694336555847 4.18950439522751e+64 18
1694336555902 1.7210554646804706e+68 19
1694336555943 7.070124847895424e+71 20
1694336556007 2.9044192003485947e+75 21
1694336556054 1.193140301315134e+79 22
1694336556113 4.9014404616644454e+82 23
1694336556158 2.0135200003520869e+86 24
1694336556225 8.271574088326526e+89 25
1694336556298 3.3979765727040555e+93 26
1694336556356 1.395894501500089e+97 27
1694336556433 5.734358132338671e+100 28
1694336556492 2.355683982892786e+104 29
