1694344967378 169.45607053217933 0
1694344967549 169.1181143349135 1
1694344967695 168.78083344508983 2
1694344967850 168.444226513008 3
1694344968040 168.1082921916661 4
1694344968245 167.77302913675476 5
1694344968418 167.43843600665238 6
1694344968819 167.10451146241914 7
1694344969092 166.77125416779216 8
1694344969295 166.43866278917972 9
1694344969435 166.1067359956563 10
1694344969639 165.7754724589568 11
1694344969782 165.44487085347177 12
1694344969922 165.1149298562416 13
1694344970069 164.78564814695153 14
1694344970245 164.4570244079262 15
1694344970455 164.12905732412457 16
1694344970588 163.8017455831343 17
1694344970721 163.47508787516685 18
1694344970861 163.1490828930521 19
1694344971037 162.82372933223309 20
1694344971355 162.49902589076066 21
1694344971648 162.17497126928868 22
1694344971835 161.8515641710683 23
1694344972002 161.52880330194307 24
1694344972158 161.2066873703438 25
1694344972335 160.88521508728314 26
1694344972512 160.5643851663506 27
1694344972663 160.24419632370746 28
1694344972814 159.9246472780813 29
