1694339364330 6.40297068165042 0
1694339364435 6.318098189861361 1
1694339364529 6.237188722095685 2
1694339364648 6.161444307961753 3
1694339364751 6.090434462935778 4
1694339364859 6.023845802745614 5
1694339364952 5.961383533110281 6
1694339365027 5.902774662811686 7
1694339365132 5.847765986729421 8
1694339365234 5.7961224981946975 9
1694339365338 5.747625932897156 10
1694339365444 5.702073442398038 11
1694339365536 5.659276384470134 12
1694339365659 5.619059219030615 13
1694339365845 5.581258499600488 14
1694339365991 5.545721951241947 15
1694339366132 5.512307626839121 16
1694339366251 5.480883134406243 17
1694339366352 5.451324928838898 18
1694339366483 5.42351766217984 19
1694339366684 5.397353587057854 20
1694339366871 5.372732008484461 21
1694339367008 5.349558779664635 22
1694339367127 5.327745837900868 23
1694339367236 5.30721077704923 24
1694339367329 5.28787645332679 25
1694339367418 5.269670621575451 26
1694339367505 5.252525599362177 27
1694339367595 5.236377956542519 28
1694339367670 5.221168228136483 29
