1694341063276 9.059634021546222 0
1694341063363 8.273183787681587 1
1694341063470 7.563086248331724 2
1694341063569 6.91734114219603 3
1694341063661 6.330302223087021 4
1694341063745 5.796566224098319 5
1694341063829 5.3112429711989035 6
1694341063912 4.8698926829626 7
1694341064031 4.468485087256932 8
1694341064203 4.103361501319045 9
1694341064350 3.7712004672171835 10
1694341064506 3.4689865685776904 11
1694341064642 3.1939821358790574 12
1694341064752 2.9437015723795232 13
1694341064840 2.715888057723303 14
1694341065016 2.508492408802133 15
1694341065161 2.3196538978963237 16
1694341065311 2.1476828466686215 17
1694341065441 1.9910448314123144 18
1694341065529 1.8483463502214585 19
1694341065630 1.7183218166008947 20
1694341065731 1.5998217565984905 21
1694341065815 1.4918020979410094 22
1694341065933 1.3933144499962657 23
1694341066036 1.3034972827661513 24
1694341066111 1.221567921626627 25
1694341066202 1.1468152822526212 26
1694341066302 1.0785932771713356 27
1694341066384 1.01631483174318 28
1694341066456 0.9594464531356861 29
