1694342531545 141.76378062431738 0
1694342531730 140.99157702117094 1
1694342531878 140.22890824784756 2
1694342532012 139.4756220765388 3
1694342532157 138.7315732432817 4
1694342532276 137.9966196944609 5
1694342532391 137.27062184477796 6
1694342532526 136.55344240597296 7
1694342532767 135.8449463241325 8
1694342532912 135.14500073806263 9
1694342533048 134.45347494214627 10
1694342533179 133.77024035053657 11
1694342533309 133.0951704620828 12
1694342533427 132.42814082586577 13
1694342533722 131.7690290073121 14
1694342533939 131.11771455487315 15
1694342534169 130.47407896725935 16
1694342534365 129.83800566121963 17
1694342534527 129.20937993985743 18
1694342534776 128.58808896147397 19
1694342534961 127.97402170893011 20
1694342535159 127.36706895951819 21
1694342535306 126.76712325533529 22
1694342535432 126.17407887414939 23
1694342535571 125.58783180075052 24
1694342535707 125.00827969877852 25
1694342535855 124.43532188301963 26
1694342536007 123.86885929216392 27
1694342536142 123.30879446201594 28
1694342536268 122.75503149915137 29
