1694342734575 170.48839806530304 0
1694342734787 170.25818800409263 1
1694342734927 170.0427034429824 2
1694342735065 169.8401105722388 3
1694342735224 169.64880651501943 4
1694342735363 169.46739024134322 5
1694342735490 169.29463714545838 6
1694342735794 169.12947682520098 7
1694342736047 168.97097366005318 8
1694342736243 168.81830983540286 9
1694342736406 168.6707705049046 10
1694342736550 168.5277308216474 11
1694342736678 168.3886446027526 12
1694342736814 168.25303442167007 13
1694342736954 168.1204829483535 14
1694342737076 167.9906253801447 15
1694342737206 167.86314282599065 16
1694342737344 167.73775652392132 17
1694342737477 167.61422278683818 18
1694342737618 167.4923285848832 19
1694342737753 167.37188768420964 20
1694342737895 167.25273727207653 21
1694342738038 167.13473500701372 22
1694342738207 167.0177564405197 23
1694342738481 166.90169276349752 24
1694342738711 166.78644883652828 25
1694342738894 166.67194146823184 26
1694342739052 166.55809791046917 27
1694342739295 166.44485454307394 28
1694342739501 166.33215572424308 29
