1694346413219 125.37637529588714 0
1694346413538 124.17501184365433 1
1694346413839 122.98836766539925 2
1694346414098 121.8144487883722 3
1694346414422 120.65312404430027 4
1694346414685 119.50425171078555 5
1694346414939 118.36769177982484 6
1694346415144 117.2433058600933 7
1694346415320 116.13095715848839 8
1694346415492 115.03051046139859 9
1694346415671 113.94183211619674 10
1694346415869 112.86479001295135 11
1694346416070 111.79925356635441 12
1694346416266 110.74509369786225 13
1694346416457 109.70218281804726 14
1694346416684 108.67039480915808 15
1694346417020 107.64960500788548 16
1694346417284 106.63969018833195 17
1694346417649 105.64052854518188 18
1694346417989 104.65199967707086 19
1694346418284 103.67398457015096 20
1694346418557 102.70636558184997 21
1694346418789 101.74902642482247 22
1694346418993 100.80185215109023 23
1694346419161 99.86472913636943 24
1694346419344 98.93754506458343 25
1694346419538 98.02018891255776 26
1694346419702 97.11255093489581 27
1694346419882 96.21452264903301 28
1694346420069 95.32599682046734 29
