1694342613897 170.50354998090413 0
1694342614088 168.54393383879452 1
1694342614239 167.3186427462639 2
1694342614372 166.19717590078702 3
1694342614544 165.1024625777963 4
1694342614751 164.02486873218194 5
1694342614928 162.9629814459033 6
1694342615091 161.91639377800036 7
1694342615346 160.8848255629488 8
1694342615556 159.86801620891939 9
1694342615748 158.8657115611251 10
1694342615921 157.87766222781298 11
1694342616074 156.903623304248 12
1694342616226 155.94335426834445 13
1694342616356 154.99661889849904 14
1694342616489 154.0631851953922 15
1694342616609 153.14282530551372 16
1694342616731 152.23531544611603 17
1694342616852 151.3404358315372 18
1694342616994 150.4579706008648 19
1694342617131 149.58770774691504 20
1694342617265 148.72943904650464 21
1694342617422 147.88295999198974 22
1694342617569 147.04806972405078 23
1694342617755 146.22457096569963 24
1694342618047 145.4122699574863 25
1694342618287 144.61097639388478 26
1694342618483 143.82050336083475 27
1694342618714 143.0406672744196 28
1694342618923 142.27128782065924 29
