1694341027814 0.7626599305905672 0
1694341027898 0.6904657755728801 1
1694341027974 0.6308435471957323 2
1694341028045 0.5815168723984239 3
1694341028260 0.5406307864259161 4
1694341028408 0.5066727660684893 5
1694341028570 0.4784086576712468 6
1694341028694 0.45483068058873305 7
1694341028788 0.435115221405752 8
1694341028919 0.4185885674025239 9
1694341029112 0.4046990786859317 10
1694341029291 0.39299458275195165 11
1694341029428 0.3831040056347897 12
1694341029533 0.37472244048042974 13
1694341029633 0.3675990056549086 14
1694341029704 0.3615269670830881 15
1694341029781 0.3563356988574937 16
1694341029853 0.3518841366702979 17
1694341029942 0.34805544387824416 18
1694341030028 0.3447526629052005 19
1694341030120 0.34189516756531796 20
1694341030204 0.3394157666514256 21
1694341030303 0.3372583373175506 22
1694341030403 0.33537588963838405 23
1694341030489 0.33372898226249204 24
1694341030560 0.33228442410870473 25
1694341030648 0.3310142092497053 26
1694341030718 0.32989464202082147 27
1694341030803 0.3289056174209173 28
1694341030883 0.3280300283889918 29
