1694341201991 169.08902758239503 0
1694341202088 137.0359812026933 1
1694341202195 111.07055801636227 2
1694341202302 90.03636468806424 3
1694341202412 72.99671791858559 4
1694341202520 59.192890744374935 5
1694341202628 48.01029594604876 6
1694341202761 38.95109724406671 7
1694341202899 31.61202609964168 8
1694341203046 25.666414421246774 9
1694341203185 20.849641713525877 10
1694341203309 16.947347622532202 11
1694341203485 13.785884249322537 12
1694341203668 11.224582543637833 13
1694341203821 9.149488019550768 14
1694341203986 7.46828657321429 15
1694341204127 6.106194257941527 16
1694341204232 5.002627854913316 17
1694341204340 4.108507888604191 18
1694341204451 3.3840739289227364 19
1694341204568 2.797114855664311 20
1694341204689 2.3215352542937504 21
1694341204812 1.9361940905534 22
1694341204923 1.6239639431945916 23
1694341205052 1.3709689004247583 24
1694341205165 1.165967184699801 25
1694341205288 0.9998510171890902 26
1694341205400 0.8652414550343787 27
1694341205508 0.7561601642034756 28
1694341205627 0.667763516841014 29
