1694343311465 93.44787698807693 0
1694343311625 91.61507401463577 1
1694343311764 89.81854984784096 2
1694343311911 88.05755850610221 3
1694343312068 86.33143133282148 4
1694343312235 84.63943029846769 5
1694343312427 82.98093382127738 6
1694343312721 81.35521214664134 7
1694343312939 79.76168893497331 8
1694343313135 78.19964236251414 9
1694343313401 76.66853956464763 10
1694343313613 75.16772783210976 11
1694343313818 73.69653645492069 12
1694343313958 72.2545025888842 13
1694343314100 70.84091498282083 14
1694343314241 69.45534993252488 15
1694343314390 68.09710325102634 16
1694343314552 66.76578882304872 17
1694343314722 65.4608013238445 18
1694343314896 64.18151886618733 19
1694343315057 62.92761691425604 20
1694343315191 61.69850610138998 21
1694343315330 60.49358122007369 22
1694343315474 59.31257584669037 23
1694343315618 58.154796065211734 24
1694343315749 57.020007002932275 25
1694343315880 55.90764639557447 26
1694343316038 54.81713713232513 27
1694343316322 53.74829725830272 28
1694343316515 52.700577847135115 29
