1694343497028 159.66417430317856 0
1694343497290 159.34825500198275 1
1694343497480 159.03306432445532 2
1694343497656 158.71850096109395 3
1694343497805 158.40454654800044 4
1694343497939 158.09123420038213 5
1694343498084 157.77854542004607 6
1694343498293 157.46647896317356 7
1694343498435 157.15501673423998 8
1694343498563 156.8441913405904 9
1694343498721 156.53398455336492 10
1694343498874 156.22437849699165 11
1694343499036 155.91540536037505 12
1694343499181 155.60704713537132 13
1694343499332 155.2992861651319 14
1694343499448 154.99215422244984 15
1694343499562 154.6856335186647 16
1694343499698 154.37972283457904 17
1694343499966 154.0744047763804 18
1694343500158 153.76971061909816 19
1694343500344 153.46562283805264 20
1694343500506 153.16212425540246 21
1694343500676 152.85924573527052 22
1694343500961 152.55696996970045 23
1694343501151 152.25529575643887 24
1694343501291 151.95420617703073 25
1694343501432 151.65373160473808 26
1694343501562 151.35385499192554 27
1694343501675 151.05455963338648 28
1694343501794 150.75587549662643 29
