1694341274881 169.4566742255457 0
1694341274995 137.33398765335724 1
1694341275104 111.3121933332413 2
1694341275232 90.23235761726713 3
1694341275353 73.15574534045672 4
1694341275461 59.32197178712965 5
1694341275599 48.11511007385899 6
1694341275721 39.036241053947926 7
1694341275839 31.681220690386603 8
1694341275969 25.722672889610685 9
1694341276110 20.89540447661136 10
1694341276374 16.984591771761934 11
1694341276574 13.816211939167163 12
1694341276755 11.249292450177323 13
1694341276874 9.16963312411077 14
1694341276988 7.484720897909945 15
1694341277113 6.119610673411919 16
1694341277221 5.013588672083133 17
1694341277335 4.117469616870618 18
1694341277449 3.3914073173785053 19
1694341277561 2.803121119477924 20
1694341277671 2.3264592152318784 21
1694341277787 1.9402348208419042 22
1694341277913 1.6272833890252134 23
1694341278026 1.3736988702281865 24
1694341278135 1.1682150136351093 25
1694341278255 1.0017041597677776 26
1694341278360 0.8667712096818234 27
1694341278492 0.7574246946648299 28
1694341278628 0.668810303890137 29
