1694341259183 0.27722155454253433 0
1694341259307 0.27690187142992584 1
1694341259432 0.276633687388993 2
1694341259575 0.27640857339574526 3
1694341259702 0.2762194978510321 4
1694341259876 0.27606059235090735 5
1694341260057 0.2759269571124818 6
1694341260217 0.2758144992756994 7
1694341260504 0.27571979847223105 8
1694341260670 0.2756399950190523 9
1694341260904 0.27557269689239405 10
1694341261088 0.27551590229722983 11
1694341261270 0.27546793519268586 12
1694341261426 0.27542739158470864 13
1694341261562 0.27539309477050133 14
1694341261885 0.27536405802817754 15
1694341262119 0.2753394535009596 16
1694341262299 0.27531858623726546 17
1694341262424 0.2753008725237813 18
1694341262564 0.27528582179435857 19
1694341262685 0.2752730215184799 20
1694341262804 0.2752621245733893 21
1694341262952 0.2752528386872811 22
1694341263053 0.2752449176101392 23
1694341263174 0.27523815372629795 24
1694341263327 0.2752323718705793 25
1694341263464 0.27522742414958057 26
1694341263603 0.27522318560272957 27
1694341263749 0.27521955056520986 28
1694341263878 0.27521642961774156 29
