1694338686883 4.9673514215535715 0
1694338686947 4.967056498507266 1
1694338687001 4.966893648822433 2
1694338687080 4.966831584283398 3
1694338687200 4.966845609679987 4
1694338687304 4.966916255360526 5
1694338687392 4.96702819977435 6
1694338687469 4.967169418018037 7
1694338687560 4.96733050719833 8
1694338687649 4.9675041506328315 9
1694338687731 4.967684691437622 10
1694338687800 4.967867792569787 11
1694338687865 4.968050165398042 12
1694338687925 4.968229352735247 13
1694338688023 4.968403555256971 14
1694338688169 4.9685714925561175 15
1694338688252 4.968732291900257 16
1694338688382 4.9688853991819455 17
1694338688475 4.969030507672787 18
1694338688570 4.969167501075954 19
1694338688647 4.969296408072313 20
1694338688712 4.969417366111113 21
1694338688764 4.969530592639099 22
1694338688817 4.969636362315362 23
1694338688866 4.9697349890419735 24
1694338688909 4.969826811867239 25
1694338688961 4.969912184000539 26
1694338689006 4.9699914643241945 27
1694338689057 4.9700650109059525 28
1694338689103 4.970133176111008 29
