1694341086524 0.903675280409603 0
1694341086627 0.8570221452501817 1
1694341086866 0.8141928289130662 2
1694341087022 0.7750425566287918 3
1694341087196 0.7392334335444894 4
1694341087343 0.7064694329103013 5
1694341087459 0.6764807611830016 6
1694341087556 0.6490221137225454 7
1694341087669 0.6238703897058937 8
1694341087796 0.6008226580308573 9
1694341087902 0.5796943088353563 10
1694341088012 0.5603173757930945 11
1694341088115 0.5425390132204609 12
1694341088244 0.5262201136539434 13
1694341088347 0.5112340528821632 14
1694341088447 0.4974655506264899 15
1694341088565 0.48480963616086686 16
1694341088667 0.47317070915615667 17
1694341088749 0.4624616869363375 18
1694341088840 0.45260323015203424 19
1694341088930 0.4435230396188754 20
1694341089042 0.43515521774114924 21
1694341089147 0.4274396885516514 22
1694341089273 0.4203216709522359 23
1694341089414 0.4137512002417937 24
1694341089690 0.407682693473858 25
1694341089909 0.40207455459920205 26
1694341090168 0.39688881572359386 27
1694341090301 0.3920908111508363 28
1694341090428 0.387648881189586 29
