1694338764975 2.0638149285713266e+108 0
1694338765046 6.353687897232244e+111 1
1694338765127 1.9560550915255743e+115 2
1694338765218 6.021938098206248e+118 3
1694338765303 1.8539221423638574e+122 4
1694338765410 5.707510196710235e+125 5
1694338765505 1.757121936308253e+129 6
1694338765688 5.4094997514595066e+132 7
1694338765859 1.665376030904368e+136 8
1694338766001 5.127049545685828e+139 9
1694338766130 1.5784205222193839e+143 10
1694338766258 4.85934712111315e+146 11
1694338766371 1.4960052857313858e+150 12
1694338766568 4.605622440949541e+153 13
1694338766692 1.4178932568548963e+157 14
1694338766811 4.365145674902719e+160 15
1694338766931 1.3438597490327127e+164 16
1694338766999 4.137225099848503e+167 17
1694338767074 1.2736918074327863e+171 18
1694338767156 3.921205110113051e+174 19
1694338767251 1.2071875963909843e+178 20
1694338767339 3.716464331645809e+181 21
1694338767409 1.1441558188377898e+185 22
1694338767484 3.5224138346584045e+188 23
1694338767542 1.0844151660388464e+192 24
1694338767626 3.3384954395885205e+195 25
1694338767704 1.0277937960666711e+199 26
1694338767782 3.164180111515558e+202 27
1694338767865 9.741288395032433e+205 28
1694338767945 2.9989664384099424e+209 29
