1694336451376 12.605677226777102 0
1694336451422 1.2186870227780804 1
1694336451453 0.36733975891892845 2
1694336451491 0.5571628027664783 3
1694336451534 0.3333582673853639 4
1694336451576 0.26038379939337863 5
1694336451619 0.32384743368049995 6
1694336451651 0.30840339686831064 7
1694336451697 0.2931953001361347 8
1694336451731 0.2606158524436071 9
1694336451785 0.2732905093393627 10
1694336451825 0.30521568538198524 11
1694336451855 0.28697953324130515 12
1694336451888 0.2843680935265703 13
1694336451918 0.24147341623577517 14
1694336451966 0.3073696935861703 15
1694336451984 0.27829992039806534 16
1694336452019 0.25542819415963613 17
1694336452072 0.26592992529476694 18
1694336452112 0.5402823079811903 19
1694336452135 0.24183023071946022 20
1694336452185 0.260050289634916 21
1694336452224 0.29709356477399795 22
1694336452261 0.31194046072614645 23
1694336452298 0.24859510015767933 24
1694336452332 0.2616858973648949 25
1694336452386 0.29902704399160907 26
1694336452431 0.33669677132832226 27
1694336452450 0.23639354164960202 28
1694336452489 0.35840811553586993 29
