1694343018693 165.6126392372208 0
1694343018927 165.54707360581358 1
1694343019202 165.48660065119296 2
1694343019388 165.4262034321809 3
1694343019591 165.3659059679368 4
1694343019960 165.30570752051125 5
1694343020387 165.2456074702632 6
1694343020613 165.18560520243022 7
1694343020793 165.12570010759433 8
1694343020953 165.06589158163163 9
1694343021101 165.00617902566498 10
1694343021260 164.94656184601666 11
1694343021445 164.8870394541617 12
1694343021619 164.82761126668186 13
1694343021770 164.76827670521928 14
1694343021938 164.7090351964315 15
1694343022149 164.64988617194618 16
1694343022419 164.5908290683165 17
1694343022678 164.53186332697695 18
1694343022978 164.4729883941996 19
1694343023254 164.41420372105037 20
1694343023508 164.3555087633463 21
1694343023688 164.29690298161273 22
1694343023848 164.23838584104107 23
1694343024004 164.17995681144677 24
1694343024141 164.12161536722815 25
1694343024303 164.06336098732487 26
1694343024490 164.00519315517735 27
1694343024618 163.94711135868636 28
1694343024752 163.88911509017285 29
