1694342583860 170.5268747284278 0
1694342584040 186.85621365252553 1
1694342584193 1008.3938157312053 2
1694342584336 26225.19799598992 3
1694342584499 791880.4801993631 4
1694342584662 24032242.113863595 5
1694342584814 729453680.9302108 6
1694342584987 22141309828.95702 7
1694342585270 672061421564.7925 8
1694342585472 20399269965662.05 9
1694342585657 619184797467601.8 10
1694342585816 1.8794290877186748e+16 11
1694342585944 5.704684143102589e+17 12
1694342586057 1.7315588752576293e+19 13
1694342586201 5.255849514663572e+20 14
1694342586331 1.5953228339798356e+22 15
1694342586453 4.8423284143064904e+23 16
1694342586587 1.4698056075273677e+25 17
1694342586726 4.461342435048991e+26 18
1694342586875 1.354163858188855e+28 19
1694342587030 4.110331770138601e+29 20
1694342587173 1.2476206005975418e+31 21
1694342587311 3.786938013966883e+32 22
1694342587427 1.1494599812442193e+34 23
1694342587648 3.488988316177686e+35 24
1694342587880 1.0590224687289915e+37 25
1694342588107 3.2144807825023936e+38 26
1694342588279 9.757004224356439e+39 27
1694342588442 2.9615710242324018e+41 28
1694342588687 8.989340098550038e+42 29
