1694336452597 0.2669196947482756 0
1694336452729 0.24679025825095804 1
1694336452809 0.25408979962977185 2
1694336452890 0.29674998284705795 3
1694336452940 0.2868626632983149 4
1694336453012 0.2722717084326393 5
1694336453059 0.23276833038322942 6
1694336453106 0.2402584646743678 7
1694336453137 0.2186641936946607 8
1694336453184 0.2968892696203675 9
1694336453242 0.7015018164805936 10
1694336453289 0.28889207321567906 11
1694336453322 0.24790216067892532 12
1694336453353 0.2940922442751379 13
1694336453400 0.21718903095395187 14
1694336453467 0.24768477486425006 15
1694336453522 0.27628140706865917 16
1694336453555 0.34466367290467914 17
1694336453586 0.25235518081477176 18
1694336453617 0.2591578105953519 19
1694336453656 0.2560335123292897 20
1694336453687 0.25314192920140877 21
1694336453751 0.7800061356234843 22
1694336453793 0.277799245666651 23
1694336453836 0.257305373181447 24
1694336453861 0.24536778007141935 25
1694336453896 0.3298520976261078 26
1694336453933 0.27167042681081177 27
1694336453973 0.25608430634349666 28
1694336454020 0.2646478274200642 29
