1694346221964 94.17664487581777 0
1694346222238 93.30791312734162 1
1694346222551 92.44872551479509 2
1694346223014 91.59861792456523 3
1694346223401 90.75749247335474 4
1694346223695 89.92524894272076 5
1694346223893 89.10178829732911 6
1694346224053 88.28701264146784 7
1694346224209 87.48082520593844 8
1694346224374 86.68313033486118 9
1694346224556 85.89383347263819 10
1694346224712 85.1128411510708 11
1694346224856 84.34006097662909 12
1694346224994 83.57540161787205 13
1694346225169 82.8187727930163 14
1694346225424 82.07008525765185 15
1694346225829 81.32925079260295 16
1694346226040 80.59618219193264 17
1694346226433 79.87079325108863 18
1694346226626 79.15299875518976 19
1694346226790 78.44271446745049 20
1694346226983 77.73985711774237 21
1694346227144 77.04434439129047 22
1694346227296 76.35609491750355 23
1694346227450 75.67502825893601 24
1694346227606 75.00106490038033 25
1694346227779 74.33412623808823 26
1694346227931 73.67413456911926 27
1694346228074 73.0210130808152 28
1694346228211 72.37468584039837 29
