1694343274677 170.49603268419193 0
1694343274842 170.2640307120266 1
1694343274967 170.15825098628756 2
1694343275113 170.05353456892115 3
1694343275273 169.95187136360275 4
1694343275425 169.85300844329524 5
1694343275892 169.75677694219345 6
1694343276146 169.6630162341546 7
1694343276397 169.57157571980858 8
1694343276543 169.4823141302533 9
1694343276690 169.39509895113324 10
1694343276828 169.3098058799038 11
1694343276963 169.22631831681906 12
1694343277091 169.14452688746897 13
1694343277230 169.0643289949121 14
1694343277370 168.98562839957015 15
1694343277512 168.908334825163 16
1694343277668 168.8323635890701 17
1694343277809 168.7576352556046 18
1694343277981 168.68407531077912 19
1694343278183 168.61161385723187 20
1694343278456 168.54018532806276 21
1694343278662 168.46972821840782 22
1694343278856 168.40018483365225 23
1694343279056 168.33150105325035 24
1694343279312 168.2636261091859 25
1694343279560 168.19651237816427 26
1694343279759 168.13011518668608 27
1694343279912 168.0643926282033 28
1694343280058 167.99930539160945 29
