1694342939432 165.6126392372208 0
1694342939651 165.54707360581355 1
1694342939757 165.486600651193 2
1694342939877 165.4262034321809 3
1694342940006 165.36590596793684 4
1694342940126 165.30570752051125 5
1694342940267 165.24560747026322 6
1694342940387 165.18560520243022 7
1694342940524 165.1257001075943 8
1694342940633 165.06589158163163 9
1694342940905 165.00617902566498 10
1694342941111 164.94656184601664 11
1694342941295 164.8870394541617 12
1694342941470 164.82761126668186 13
1694342941634 164.76827670521928 14
1694342941913 164.7090351964315 15
1694342942149 164.6498861719462 16
1694342942311 164.5908290683165 17
1694342942467 164.531863326977 18
1694342942593 164.4729883941996 19
1694342942719 164.41420372105037 20
1694342942851 164.35550876334634 21
1694342942960 164.29690298161273 22
1694342943070 164.238385841041 23
1694342943191 164.17995681144677 24
1694342943302 164.12161536722815 25
1694342943461 164.06336098732487 26
1694342943617 164.00519315517735 27
1694342943747 163.94711135868636 28
1694342943884 163.88911509017285 29
