1694338953912 6.108034884144488 0
1694338953985 5.965980996272818 1
1694338954074 5.842466028274742 2
1694338954158 5.734928315367754 3
1694338954251 5.641189697510929 4
1694338954337 5.559392309118275 5
1694338954418 5.487946837088552 6
1694338954523 5.425489993699457 7
1694338954643 5.370849419530316 8
1694338954738 5.323014599176221 9
1694338954882 5.281112661338828 10
1694338955049 5.244388162211488 11
1694338955194 5.212186130359993 12
1694338955346 5.183937792993985 13
1694338955466 5.159148515770715 14
1694338955568 5.137387577418008 15
1694338955684 5.11827947145515 16
1694338955874 5.101496483991972 17
1694338956012 5.0867523420162986 18
1694338956150 5.0737967631004715 19
1694338956262 5.062410766918533 20
1694338956351 5.052402632819416 21
1694338956430 5.043604407088832 22
1694338956523 5.035868879351584 23
1694338956601 5.02906696052592 24
1694338956698 5.023085405402007 25
1694338956827 5.017824831722073 26
1694338956952 5.013197994942551 27
1694338957051 5.009128283940017 28
1694338957143 5.005548408007088 29
