1694343975788 164.3142226268169 0
1694343975948 164.15151978695957 1
1694343976091 163.98916664512544 2
1694343976220 163.82700267003398 3
1694343976359 163.6649724008805 4
1694343976512 163.50313096587854 5
1694343976661 163.34144130426114 6
1694343976789 163.17989430417748 7
1694343977000 163.01853546609456 8
1694343977166 162.85732797560757 9
1694343977328 162.6962809006557 10
1694343977492 162.5353759558321 11
1694343977619 162.37465833222768 12
1694343977758 162.21409148380454 13
1694343977885 162.05368441202657 14
1694343978163 161.8934189652648 15
1694343978440 161.7333400022389 16
1694343978589 161.5734112442734 17
1694343978735 161.4136237678932 18
1694343978978 161.2540221342379 19
1694343979228 161.09457028455512 20
1694343979386 160.93527709956632 21
1694343979520 160.77612467051412 22
1694343979672 160.6171572525401 23
1694343979851 160.45833905239726 24
1694343979993 160.29966126728561 25
1694343980125 160.14116785658834 26
1694343980256 159.98282324560853 27
1694343980401 159.82463619511944 28
1694343980554 159.6665890376342 29
