1694344944189 93.13016684105564 0
1694344944391 91.28329168430926 1
1694344944564 89.47316315201417 2
1694344944716 87.69904992181523 3
1694344944871 85.96023522906853 4
1694344945079 84.25601657699198 5
1694344945424 82.58570545258866 6
1694344945696 80.9486270482275 7
1694344945929 79.34411998876897 8
1694344946122 77.77153606412486 9
1694344946428 76.23023996714439 10
1694344946684 74.71960903672004 11
1694344946937 73.23903300600952 12
1694344947104 71.78791375567175 13
1694344947271 70.36566507201708 14
1694344947461 68.97171240997365 15
1694344947646 67.60549266077426 16
1694344947831 66.26645392426943 17
1694344947998 64.95405528577463 18
1694344948155 63.66776659736138 19
1694344948305 62.40706826350361 20
1694344948477 61.17145103099257 21
1694344948637 59.9604157830354 22
1694344948851 58.77347333745359 23
1694344949101 57.61014424890025 24
1694344949298 56.46995861501571 25
1694344949543 55.352455886443146 26
1694344949715 54.25718468062738 27
1694344950015 53.18370259932139 28
1694344950246 52.131576049726796 29
