1694341360983 169.089027582395 0
1694341361108 137.03598120269328 1
1694341361208 125.15781885934173 2
1694341361298 113.54300086378996 3
1694341361384 103.04697803715948 4
1694341361467 93.52195948924734 5
1694341361586 84.88010917748171 6
1694341361682 77.0394248344917 7
1694341361768 69.92562486555367 8
1694341361862 63.471310733213464 9
1694341362001 57.61533458091853 10
1694341362123 52.30221914610013 11
1694341362300 47.48163181052718 12
1694341362592 43.10790742853972 13
1694341362794 39.13961542352803 14
1694341362957 35.53916704399214 15
1694341363098 32.272459052778125 16
1694341363200 29.30855046892588 17
1694341363330 26.619369295333158 18
1694341363434 24.17944645007676 19
1694341363543 21.965674377439562 20
1694341363665 19.957088048928174 21
1694341363762 18.134666277056592 22
1694341363867 16.4811514574348 23
1694341363952 14.98088602957184 24
1694341364063 13.619664105440382 25
1694341364185 12.384596858762873 26
1694341364297 11.26399039853413 27
1694341364429 10.247234968733476 28
1694341364533 9.32470442362485 29
