1694339140561 0.3338314917866028 0
1694339140714 0.33283792703145026 1
1694339141099 0.33194750250716043 2
1694339141315 0.3311488296611522 3
1694339141491 0.33043190282731416 4
1694339141690 0.32978791106023897 5
1694339141868 0.329209078565465 6
1694339142005 0.3286885289665692 7
1694339142157 0.32822016949775384 8
1694339142392 0.3277985918994781 9
1694339142565 0.3274189873557147 10
1694339142694 0.32707707326929203 11
1694339142833 0.3267690300463266 12
1694339142960 0.3264914463677719 13
1694339143101 0.3262412716783432 14
1694339143223 0.3260157748307743 15
1694339143362 0.3258125079947274 16
1694339143535 0.32562927508143197 17
1694339143740 0.3254641040526154 18
1694339143960 0.32531522257990997 19
1694339144108 0.3251810366022125 20
1694339144253 0.3250601113963351 21
1694339144409 0.32495115483307546 22
1694339144615 0.3248530025384557 23
1694339144782 0.32476460471994556 24
1694339144968 0.3246850144512384 25
1694339145095 0.32461337723770195 26
1694339145216 0.32454892170879496 27
1694339145326 0.3244909513042955 28
1694339145445 0.32443883683868685 29
