1694338847995 169.08902758239503 0
1694338848062 137.03598120269328 1
1694338848127 125.3932458619873 2
1694338848216 113.85345080430797 3
1694338848273 103.43284502072173 4
1694338848327 93.96790731299424 5
1694338848395 85.37895111376855 6
1694338848487 77.58152814051972 7
1694338848582 70.50308915338738 8
1694338848642 64.07719239526405 9
1694338848711 58.24348303663828 10
1694338848787 52.94720785329499 11
1694338848869 48.13868424580913 12
1694338848959 43.77283112594479 13
1694338849048 39.80874219313678 14
1694338849163 36.209298893445876 15
1694338849336 32.94081928163608 16
1694338849469 29.972739460158543 17
1694338849582 27.277324570470753 18
1694338849680 24.829406593553514 19
1694338849775 22.6061464712288 20
1694338849851 20.58681829098401 21
1694338849929 18.752613486630597 22
1694338850002 17.086463197272394 23
1694338850080 15.572877099535608 24
1694338850171 14.197797184467715 25
1694338850263 12.948465092430485 26
1694338850348 11.813301748048604 27
1694338850402 10.781798154052762 28
1694338850475 9.844416308786704 29
