1694346514909 125.38534903438727 0
1694346515280 124.18388967565134 1
1694346515509 122.99715001731393 2
1694346515710 121.82313674004897 3
1694346516275 120.66171865911622 4
1694346516613 119.51275403983695 5
1694346516837 118.37610286204716 6
1694346517094 117.25162672240424 7
1694346517339 116.13918881592888 8
1694346517561 115.03865391727228 9
1694346517820 113.94988836220774 10
1694346518039 112.87276002934045 11
1694346518252 111.8071383220336 12
1694346518544 110.75289415054758 13
1694346518914 109.7098999143904 14
1694346519341 108.678029484876 15
1694346519738 107.65715818788878 16
1694346520060 106.64716278685157 17
1694346520299 105.64792146589447 18
1694346520530 104.6593138132225 19
1694346520742 103.68122080467947 20
1694346520948 102.71352478750586 21
1694346521133 101.75610946428833 22
1694346521321 100.80885987709864 23
1694346521549 99.8716623918199 24
1694346521742 98.94440468265739 25
1694346521973 98.02697571683248 26
1694346522353 97.11926573945706 27
1694346522679 96.2211662585862 28
1694346522995 95.33257003044741 29
