1694342444824 121.35809832256317 0
1694342445110 120.72507490591616 1
1694342445336 120.1123825157577 2
1694342445498 119.51743191039284 3
1694342445659 118.93806947938316 4
1694342445770 118.37250198157766 5
1694342445871 117.81923431580262 6
1694342446010 117.2770180669663 7
1694342446130 116.74480896129403 8
1694342446248 116.22173168765413 9
1694342446372 115.70705080919221 10
1694342446473 115.20014671045914 11
1694342446580 114.7004957079143 12
1694342446679 114.20765360273823 13
1694342446773 113.72124207977753 14
1694342446879 113.24093745970498 15
1694342446992 112.76646139685052 16
1694342447114 112.29757318574653 17
1694342447254 111.8340633977915 18
1694342447403 111.37574861768945 19
1694342447523 110.92246708921745 20
1694342447828 110.47407511285945 21
1694342448082 110.03044406511648 22
1694342448265 109.59145793185175 23
1694342448392 109.15701126667362 24
1694342448506 108.72700750077131 25
1694342448795 108.3013575433651 26
1694342448975 107.8799786224678 27
1694342449200 107.46279332436737 28
1694342449397 107.04972879744348 29
