1694343182633 170.5135215492418 0
1694343182807 170.28280766146398 1
1694343182948 170.17755773089593 2
1694343183089 170.0733593274376 3
1694343183236 169.97218009555868 4
1694343183375 169.87376996822678 5
1694343183523 169.77796198903843 6
1694343183808 169.68459734806478 7
1694343184187 169.59352714874973 8
1694343184459 169.50461171948055 9
1694343184666 169.41772004417984 10
1694343184820 169.33272922570808 11
1694343184963 169.24952398260834 12
1694343185084 169.16799617704302 13
1694343185223 169.08804437199248 14
1694343185379 169.00957341590023 15
1694343185521 168.9324940530651 16
1694343185659 168.85672255818338 17
1694343185805 168.78218039354343 18
1694343185950 168.70879388747073 19
1694343186091 168.6364939327039 20
1694343186264 168.56521570346717 21
1694343186536 168.49489839008075 22
1694343186782 168.42548495002146 23
1694343186987 168.35692187441387 24
1694343187165 168.28915896899622 25
1694343187352 168.22214914866265 26
1694343187615 168.15584824474158 27
1694343187826 168.09021482421977 28
1694343188004 168.0252100201719 29
