1694345311382 124.75124530518032 0
1694345311513 123.51456026417397 1
1694345311645 122.29195392932415 2
1694345311833 121.08147063653716 3
1694345311995 119.88300013434171 4
1694345312172 118.69642312480767 5
1694345312315 117.5216215487542 6
1694345312471 116.35847851886801 7
1694345312795 115.20687830835381 8
1694345313158 114.06670633940787 9
1694345313396 112.93784917180793 10
1694345313610 111.82019449161608 11
1694345313907 110.71363109999405 12
1694345314174 109.61804890212967 13
1694345314366 108.5333388962731 14
1694345314515 107.45939316288214 15
1694345314663 106.39610485387527 16
1694345314826 105.34336818199165 17
1694345314985 104.30107841025638 18
1694345315176 103.26913184155096 19
1694345315332 102.24742580828675 20
1694345315500 101.2358586621816 21
1694345315662 100.2343297641375 22
1694345315834 99.2427394742192 23
1694345316028 98.26098914173205 24
1694345316227 97.28898109539863 25
1694345316553 96.32661863363275 26
1694345316832 95.37380601491024 27
1694345317055 94.43044844823534 28
1694345317269 93.49645208370161 29
