1694344099565 169.08902758239503 0
1694344099668 165.73195717333064 1
1694344099777 164.12613470536252 2
1694344099911 162.51385480667076 3
1694344100048 160.918126179189 4
1694344100163 159.33788552743445 5
1694344100306 157.77343268352462 6
1694344100459 156.2242636103452 7
1694344100613 154.69034075511652 8
1694344100740 153.17187678469145 9
1694344101036 151.668169093757 10
1694344101251 150.17951222527 11
1694344101468 148.70550588519956 12
1694344101615 147.2456749869006 13
1694344101771 145.80083976522465 14
1694344101930 144.37009676444345 15
1694344102126 142.9534901593269 16
1694344102260 141.55072747931416 17
1694344102373 140.16179168823786 18
1694344102504 138.7868862685653 19
1694344102671 137.42527911879145 20
1694344102812 136.07735877907675 21
1694344102944 134.74268030452905 22
1694344103069 133.42101820226694 23
1694344103206 132.11239418891796 24
1694344103364 130.8170107665249 25
1694344103625 129.53429491252646 26
1694344103839 128.26407023904534 27
1694344104000 127.00665641906683 28
1694344104168 125.76157838870026 29
