1694344331036 169.44586141167028 0
1694344331180 169.41178050049223 1
1694344331361 169.39474473918554 2
1694344331493 169.3777098358382 3
1694344331635 169.36067664211404 4
1694344331787 169.34364515779924 5
1694344331973 169.3266153827225 6
1694344332188 169.30958731671262 7
1694344332541 169.29256095959843 8
1694344332812 169.2755363112087 9
1694344333067 169.25851337137226 10
1694344333259 169.2414921399179 11
1694344333412 169.22447261667455 12
1694344333602 169.207454801471 13
1694344333740 169.19043869413622 14
1694344333894 169.17342429449906 15
1694344334054 169.15641160238843 16
1694344334239 169.13940061763333 17
1694344334409 169.12239134006268 18
1694344334542 169.10538376950547 19
1694344334744 169.08837790579065 20
1694344335043 169.07189275335352 21
1694344335359 169.05514971429938 22
1694344335724 169.03840835563884 23
1694344335995 169.02166866422886 24
1694344336216 169.00493063990365 25
1694344336440 168.98819428249692 26
1694344336604 168.9714595918423 27
1694344336787 168.95472656777338 28
1694344336950 168.93799521012397 29
