1694339266216 169.08902758239503 0
1694339266307 137.0359812026933 1
1694339266379 125.15781885934175 2
1694339266450 113.54300086378997 3
1694339266532 103.04697803715949 4
1694339266604 93.52195948924737 5
1694339266700 84.88010917748173 6
1694339266779 77.0394248344917 7
1694339266892 69.9256248655537 8
1694339267004 63.47131073321348 9
1694339267108 57.61533458091854 10
1694339267205 52.302219146100136 11
1694339267302 47.48163181052718 12
1694339267437 43.10790742853972 13
1694339267633 39.13961542352804 14
1694339267784 35.539167043992144 15
1694339267945 32.272459052778146 16
1694339268061 29.308550468925887 17
1694339268183 26.619369295333172 18
1694339268349 24.179446450076778 19
1694339268476 21.965674377439562 20
1694339268562 19.957088048928174 21
1694339268674 18.134666277056592 22
1694339268762 16.481151457434805 23
1694339268859 14.98088602957184 24
1694339268980 13.619664105440384 25
1694339269108 12.384596858762873 26
1694339269220 11.263990398534133 27
1694339269329 10.247234968733476 28
1694339269432 9.32470442362485 29
