1694342985117 153.33746446803988 0
1694342985289 152.8757110596804 1
1694342985452 152.4200152139811 2
1694342985588 151.96722248486248 3
1694342985804 151.5173246232602 4
1694342985995 151.07029783960775 5
1694342986210 150.62612009194785 6
1694342986428 150.1847691466185 7
1694342986534 149.74622308882186 8
1694342986626 149.31046016353073 9
1694342986734 148.87745881067792 10
1694342986865 148.44719764845973 11
1694342986982 148.01965547313523 12
1694342987091 147.59481125532272 13
1694342987210 147.1726441380149 14
1694342987328 146.75313343457236 15
1694342987438 146.3362586270187 16
1694342987576 145.92199936444163 17
1694342987692 145.51033546148926 18
1694342987806 145.10124689692353 19
1694342987903 144.69471381221567 20
1694342988028 144.29071651017102 21
1694342988154 143.8892354535774 22
1694342988263 143.49025126387144 23
1694342988523 143.09374471982096 24
1694342988720 142.69969675622045 25
1694342988895 142.30808846260027 26
1694342989034 141.91890108194642 27
1694342989204 141.53211600943268 28
1694342989467 141.14771479116317 29
