1694343150827 170.50629824794294 0
1694343150971 168.54435767295658 1
1694343151121 168.0575447209275 2
1694343151234 167.3808772022326 3
1694343151375 166.81280315381647 4
1694343151521 166.23680771602312 5
1694343151654 165.68128290227767 6
1694343151809 165.13173608998346 7
1694343152222 164.58982001247574 8
1694343152496 164.05317051313216 9
1694343152736 163.52145583691475 10
1694343152893 162.99411203006974 11
1694343153037 162.47090578240267 12
1694343153181 161.95164793614074 13
1694343153299 161.4362253523745 14
1694343153437 160.9245540498233 15
1694343153567 160.41657275873058 16
1694343153708 159.91223211528924 17
1694343153841 159.41149050422368 18
1694343153971 158.91431084711783 19
1694343154117 158.42065893198267 20
1694343154274 157.93050234072928 21
1694343154430 157.4438098358808 22
1694343154756 156.9605509866275 23
1694343154973 156.48069594819722 24
1694343155197 156.0042153288281 25
1694343155409 155.53108011000504 26
1694343155613 155.06126159799828 27
1694343155880 154.59473139414862 28
1694343156106 154.13146137626694 29
