1694341307803 0.27722165803653037 0
1694341307930 0.276901980295955 1
1694341308055 0.2766337984307002 2
1694341308156 0.2764086841794755 3
1694341308257 0.2762196065563556 4
1694341308367 0.276060697648136 5
1694341308482 0.2759270580625011 6
1694341308599 0.2758145952482284 7
1694341308705 0.2757198890792843 8
1694341308818 0.27564008006093305 9
1694341308997 0.2755727763139967 10
1694341309122 0.2755159761528153 11
1694341309238 0.27546800361760965 12
1694341309361 0.2754274547728402 13
1694341309477 0.27539315295629685 14
1694341309594 0.27536411147254575 15
1694341309716 0.27533950248021194 16
1694341309839 0.27531863103456755 17
1694341309966 0.2753009134226257 18
1694341310191 0.27528585907366254 19
1694341310345 0.2752730554489881 20
1694341310498 0.27526215541511345 21
1694341310612 0.27525286668776294 22
1694341310726 0.2752449430033586 23
1694341310896 0.27523817673208545 24
1694341311095 0.27523239269441546 25
1694341311255 0.2752274429826892 26
1694341311382 0.27522320262239025 27
1694341311496 0.27521956593522956 28
1694341311616 0.27521644348903646 29
