1694344344280 168.668469714479 0
1694344344449 168.6517327658434 1
1694344344600 168.6350071784372 2
1694344344805 168.61828325881945 3
1694344344975 168.60156100753903 4
1694344345131 168.58484042442902 5
1694344345283 168.5681215093227 6
1694344345471 168.55140426205313 7
1694344345789 168.53468868245363 8
1694344346117 168.51797477035728 9
1694344346372 168.50126252559747 10
1694344346698 168.48455194800735 11
1694344346986 168.46784303742018 12
1694344347156 168.4511357936693 13
1694344347337 168.434430216588 14
1694344347518 168.41772630600957 15
1694344347672 168.40102406176737 16
1694344347813 168.38432348369474 17
1694344347979 168.3676245716251 18
1694344348133 168.35092732539175 19
1694344348264 168.33423174482814 20
1694344348401 168.3175378297677 21
1694344348610 168.3008455800438 22
1694344348787 168.28415499549 23
1694344348930 168.26746607593967 24
1694344349073 168.2507788212264 25
1694344349221 168.23409323118355 26
1694344349528 168.21740930564476 27
1694344349741 168.2007270444435 28
1694344349924 168.18404644741338 29
