1694339070926 170.51481820948413 0
1694339071031 3967.822724766441 1
1694339071160 15901692.366319994 2
1694339071355 65324094391.275925 3
1694339071486 268352480165651.66 4
1694339071600 1.102396510135357e+18 5
1694339071716 4.528663438507038e+21 6
1694339071842 1.8603825711269965e+25 7
1694339071969 7.642482948775027e+28 8
1694339072206 3.139544872586857e+32 9
1694339072344 1.2897303236464853e+36 10
1694339072584 5.298233900898788e+39 11
1694339072730 2.1765234137681355e+43 12
1694339072880 8.941194857171722e+46 13
1694339073016 3.6730579128256704e+50 14
1694339073147 1.5088983795213747e+54 15
1694339073267 6.198579967313158e+57 16
1694339073388 2.5463870948926084e+61 17
1694339073490 1.0460601091262867e+65 18
1694339073580 4.297232553919484e+68 19
1694339073680 1.7653103737880982e+72 20
1694339073783 7.251924760184291e+75 21
1694339073886 2.9791029106413025e+79 22
1694339073986 1.2238204953419727e+83 23
1694339074091 5.027475215673758e+86 24
1694339074214 2.065295289661843e+90 25
1694339074321 8.484267849200644e+93 26
1694339074426 3.48535152805027e+97 27
1694339074533 1.4317882803790668e+101 28
1694339074655 5.881810380767084e+104 29
