1694342475324 162.43091912795052 0
1694342475592 162.31479069195478 1
1694342475830 162.19903855487962 2
1694342476025 162.08365801495495 3
1694342476205 161.96864445229974 4
1694342476444 161.85399332744748 5
1694342476746 161.73970017989836 6
1694342476973 161.62576062669754 7
1694342477179 161.51217036103955 8
1694342477332 161.39892515089716 9
1694342477462 161.28602083767547 10
1694342477604 161.1734533348903 11
1694342477727 161.06121862687016 12
1694342477848 160.9493127674821 13
1694342478005 160.83773187887996 14
1694342478130 160.7264721502759 15
1694342478268 160.61552983673351 16
1694342478420 160.5049012579831 17
1694342478549 160.3945827972583 18
1694342478673 160.28457090015357 19
1694342478796 160.17486207350228 20
1694342478943 160.06545288427532 21
1694342479212 159.95633995849934 22
1694342479429 159.84751998019465 23
1694342479661 159.7389896903322 24
1694342479868 159.63074588580955 25
1694342480097 159.522785418445 26
1694342480339 159.41510519399048 27
1694342480542 159.30770217116148 28
1694342480704 159.20057336068513 29
