1694338653801 0.7133417634957976 0
1694338653870 0.673093534890213 1
1694338653944 0.6361976886361985 2
1694338654018 0.6027432227167215 3
1694338654192 0.5723910343257179 4
1694338654293 0.5448541555040683 5
1694338654382 0.5198712435922365 6
1694338654496 0.4972052741689823 7
1694338654606 0.476641228570755 8
1694338654704 0.4579840523664757 9
1694338654786 0.44105680078993814 10
1694338654870 0.4256989566505903 11
1694338654967 0.41176490454460085 12
1694338655130 0.39912254684163395 13
1694338655227 0.38765204826686916 14
1694338655306 0.37724469712418124 15
1694338655387 0.3678018723182978 16
1694338655462 0.35923410634211317 17
1694338655552 0.3514602353099116 18
1694338655637 0.3444066279466386 19
1694338655724 0.3380064861956361 20
1694338655819 0.3321992107894921 21
1694338655893 0.3269298257474185 22
1694338655971 0.32214845632379996 23
1694338656036 0.3178098554415363 24
1694338656096 0.31387297410546716 25
1694338656163 0.3103005717098919 26
1694338656228 0.3070588625339561 27
1694338656289 0.3041171950631567 28
1694338656352 0.3014477610876226 29
