1694343007249 169.08902758239503 0
1694343007387 168.92803699876043 1
1694343007524 168.85174775295258 2
1694343007645 168.77590122628422 3
1694343007770 168.7013154031508 4
1694343007908 168.62788784496144 5
1694343008050 168.5555501555062 6
1694343008194 168.48423727489387 7
1694343008401 168.4138882031685 8
1694343008662 168.3444457183706 9
1694343008900 168.27585614334208 10
1694343009025 168.20806912596842 11
1694343009144 168.14103743307572 12
1694343009282 168.07471675710235 13
1694343009418 168.00906553475434 14
1694343009549 167.944044776901 15
1694343009696 167.8796179090152 16
1694343009830 167.8157506215043 17
1694343009959 167.75241072931738 18
1694343010092 167.6895680402561 19
1694343010226 167.62719423144767 20
1694343010404 167.56526273347484 21
1694343010549 167.50374862168854 22
1694343010682 167.4426285142572 23
1694343010818 167.3818804765357 24
1694343010984 167.32148393136242 25
1694343011288 167.261419574916 26
1694343011555 167.20166929778824 27
1694343011773 167.1422161109494 28
1694343011941 167.08304407630223 29
