1694344950657 51.01716292513683 0
1694344950791 50.00668322909882 1
1694344950924 49.016339291254745 2
1694344951078 48.045729635597674 3
1694344951230 47.09446079595625 4
1694344951372 46.16214715606749 5
1694344951508 45.248410792845945 6
1694344951672 44.35288132278528 7
1694344951882 43.475195751429595 8
1694344952038 42.61499832585301 9
1694344952187 41.7719403900874 10
1694344952361 40.94568024343923 11
1694344952671 40.1358830016376 12
1694344952991 39.342220460757055 13
1694344953167 38.56437096385939 14
1694344953331 37.80201927030028 15
1694344953659 37.05485642764729 16
1694344953936 36.32257964615699 17
1694344954131 35.60489217576012 18
1694344954291 34.901503185504495 19
1694344954432 34.21212764540647 20
1694344954638 33.53648621066307 21
1694344954786 32.87430510817709 22
1694344954919 32.22531602534929 23
1694344955069 31.589256001092185 24
1694344955251 30.965867319021044 25
1694344955443 30.35489740277847 26
1694344955584 29.75609871344994 27
1694344955744 29.169228649028586 28
1694344955945 28.59404944588801 29
