1694339051139 169.08902758239503 0
1694339051224 1647.0555026711204 1
1694339051306 6368726.376541828 2
1694339051382 26162510031.386524 3
1694339051460 107476031761078.7 4
1694339051519 4.415133493956715e+17 5
1694339051601 1.8137442786130164e+21 6
1694339051696 7.450892057293937e+24 7
1694339051779 3.0608390115446224e+28 8
1694339051861 1.2573978233146058e+32 9
1694339051949 5.165411444747771e+35 10
1694339052037 2.1219597249816145e+39 11
1694339052143 8.717046304263754e+42 12
1694339052267 3.580977309611146e+46 13
1694339052439 1.471071512569292e+50 14
1694339052615 6.0431865605088125e+53 15
1694339052804 2.4825512215466933e+57 16
1694339052958 1.0198362247952937e+61 17
1694339053086 4.1895043952274693e+64 18
1694339053174 1.7210554646804486e+68 19
1694339053254 7.070124847895335e+71 20
1694339053318 2.9044192003485433e+75 21
1694339053390 1.1931403013151121e+79 22
1694339053469 4.901440461664357e+82 23
1694339053568 2.0135200003520474e+86 24
1694339053648 8.271574088326313e+89 25
1694339053751 3.397976572703973e+93 26
1694339053855 1.3958945015000603e+97 27
1694339053939 5.734358132338546e+100 28
1694339054034 2.3556839828927344e+104 29
