1694344979672 150.54392353909756 0
1694344979878 150.24325020404294 1
1694344980036 149.94317885666587 2
1694344980208 149.64370829097987 3
1694344980356 149.3448373034162 4
1694344980475 149.04656469281883 5
1694344980716 148.74888926043994 6
1694344980886 148.4518098099346 7
1694344981060 148.15532514735645 8
1694344981219 147.85943408115259 9
1694344981366 147.56413542215876 10
1694344981499 147.26942798359485 11
1694344981667 146.97531058105963 12
1694344981803 146.68178203252646 13
1694344981947 146.38884115833824 14
1694344982238 146.09648678120269 15
1694344982524 145.8047177261877 16
1694344982683 145.51353282071653 17
1694344982864 145.22293089456312 18
1694344983158 144.93291077984725 19
1694344983403 144.64347131103005 20
1694344983592 144.3546113249091 21
1694344983750 144.0663296606138 22
1694344983888 143.77862515960084 23
1694344984039 143.49149666564932 24
1694344984182 143.20494302485616 25
1694344984349 142.9189630856315 26
1694344984479 142.63355569869407 27
1694344984616 142.34871971706636 28
1694344984748 142.06445399607034 29
