1694342436590 169.08902758239503 0
1694342436695 167.62677553512307 1
1694342436817 166.4720204718081 2
1694342436922 165.36891502218785 3
1694342437033 164.28604079957282 4
1694342437141 163.21932917076768 5
1694342437246 162.1680482174758 6
1694342437343 161.1318768090533 7
1694342437453 160.1105480186837 8
1694342437556 159.1038056005131 9
1694342437670 158.11139861281356 10
1694342437921 157.133080690361 11
1694342438087 156.16860988461218 12
1694342438288 155.21774857435904 13
1694342438446 154.28026338624204 14
1694342438553 153.35592511771208 15
1694342438665 152.4445086615165 16
1694342438767 151.54579293157363 17
1694342438874 150.65956079019725 18
1694342438978 149.78559897664536 19
1694342439097 148.92369803696832 20
1694342439220 148.07365225513303 21
1694342439313 147.23525958539977 22
1694342439401 146.408321585929 23
1694342439514 145.59264335359532 24
1694342439624 144.7880334599869 25
1694342439743 143.99430388856925 26
1694342439840 143.21126997299064 27
1694342439933 142.43875033651003 28
1694342440031 141.67656683252613 29
