1694344819447 169.44832088519652 0
1694344819604 169.41451164354473 1
1694344819806 169.3807091607235 2
1694344819957 169.34691343538137 3
1694344820126 169.31312446616715 4
1694344820318 169.27934225172993 5
1694344820514 169.24556679071904 6
1694344821000 169.21179808178417 7
1694344821283 169.17803612357514 8
1694344821532 169.14428091474213 9
1694344821710 169.1105324539356 10
1694344821877 169.07679073980628 11
1694344822099 169.04305577100502 12
1694344822310 169.00932754618316 13
1694344822488 168.97560606399225 14
1694344822651 168.94189132308398 15
1694344822834 168.90818332211043 16
1694344823037 168.87448205972396 17
1694344823352 168.84078753457712 18
1694344823687 168.80709974532283 19
1694344823937 168.7734186906141 20
1694344824337 168.73974436910444 21
1694344824585 168.70607677944747 22
1694344824801 168.67241592029717 23
1694344824970 168.6387617903077 24
1694344825176 168.60511438813356 25
1694344825365 168.5714737124295 26
1694344825658 168.53783976185048 27
1694344825899 168.5042125350519 28
1694344826124 168.4705920306892 29
