1694342410421 169.089027582395 0
1694342410645 169.23188601709302 1
1694342410780 496.05484870603186 2
1694342410903 10693.797453792307 3
1694342411034 320468.8759276489 4
1694342411153 9723368.037932567 5
1694342411289 295132402.1466834 6
1694342411424 8958233510.849188 7
1694342411562 271911786132.4999 8
1694342411824 8253415168406.136 9
1694342412043 250518239526669.66 10
1694342412219 7604050814813831.0 11
1694342412324 2.308079000696389e+17 12
1694342412432 7.005777319474888e+18 13
1694342412548 2.1264833584665002e+20 14
1694342412659 6.454574942404718e+21 15
1694342412779 1.9591753455885307e+23 16
1694342412917 5.946740209870289e+24 17
1694342413037 1.8050308362299777e+26 18
1694342413159 5.478861031012081e+27 19
1694342413295 1.6630141488241167e+29 20
1694342413395 5.047793772345998e+30 21
1694342413512 1.5321710874289037e+32 22
1694342413635 4.650642136003957e+33 23
1694342413776 1.4116225305797687e+35 24
1694342413937 4.284737699797811e+36 25
1694342414067 1.3005585245602752e+38 26
1694342414181 3.947621988356986e+39 27
1694342414422 1.1982328414039262e+41 28
1694342414602 3.6370299548779695e+42 29
