1694343424095 150.37686472324788 0
1694343424226 150.07913442505898 1
1694343424354 149.78203584816765 2
1694343424500 149.4855292739238 3
1694343424656 149.18961351967752 4
1694343424799 148.8942874051452 5
1694343424941 148.599549752405 6
1694343425067 148.30539938589195 7
1694343425202 148.011835132393 8
1694343425347 147.718855821043 9
1694343425505 147.4264602833192 10
1694343425665 147.13464735303702 11
1694343425926 146.84341586634537 12
1694343426203 146.55276466172168 13
1694343426385 146.26269257996762 14
1694343426576 145.97319846420407 15
1694343426732 145.68428115986677 16
1694343426918 145.39593951470152 17
1694343427192 145.1081723787596 18
1694343427395 144.8209786043931 19
1694343427561 144.53435704625048 20
1694343427698 144.24830656127173 21
1694343427812 143.96282600868395 22
1694343427927 143.6779142499967 23
1694343428020 143.39357014899744 24
1694343428114 143.10979257174705 25
1694343428218 142.82658038657505 26
1694343428336 142.5438966584338 27
1694343428450 142.2618121000776 28
1694343428563 141.98028955154058 29
