1694344138352 159.42858075828786 0
1694344138624 159.27066592788924 1
1694344138908 159.1129991162766 2
1694344139271 158.95548930532297 3
1694344139485 158.7981364051801 4
1694344139839 158.6409402590972 5
1694344140098 158.48390071052623 6
1694344140293 158.32701760307566 7
1694344140499 158.17029078051036 8
1694344140674 158.0137200867514 9
1694344140821 157.85730536587613 10
1694344140950 157.70104646211783 11
1694344141137 157.54494321986547 12
1694344141293 157.38899548366373 13
1694344141442 157.23320309821287 14
1694344141597 157.07756590836834 15
1694344141912 156.92208375914086 16
1694344142155 156.76675649569617 17
1694344142364 156.61158396335492 18
1694344142521 156.45656600759236 19
1694344142936 156.3017024740384 20
1694344143163 156.14699320847734 21
1694344143345 155.9924380568477 22
1694344143525 155.83803686524215 23
1694344143664 155.68378947990726 24
1694344143812 155.52969574724338 25
1694344143974 155.37575551380456 26
1694344144102 155.22196862629823 27
1694344144226 155.06833493158533 28
1694344144373 154.9148542766797 29
