1694341082035 9.05963402154623 0
1694341082191 8.273183787681587 1
1694341082408 7.563086248331724 2
1694341082559 6.91734114219603 3
1694341082704 6.330302223087019 4
1694341082874 5.796566224098319 5
1694341082999 5.3112429711989035 6
1694341083135 4.8698926829626 7
1694341083347 4.468485087256932 8
1694341083518 4.103361501319045 9
1694341083667 3.7712004672171835 10
1694341083802 3.4689865685776904 11
1694341083925 3.1939821358790517 12
1694341084033 2.9437015723795232 13
1694341084143 2.7158880577233036 14
1694341084262 2.5084924088021325 15
1694341084372 2.3196538978963237 16
1694341084503 2.1476828466686215 17
1694341084737 1.9910448314123141 18
1694341084879 1.8483463502214585 19
1694341084997 1.718321816600895 20
1694341085120 1.5998217565984907 21
1694341085216 1.4918020979410096 22
1694341085304 1.3933144499962657 23
1694341085412 1.3034972827661517 24
1694341085543 1.221567921626627 25
1694341085665 1.1468152822526214 26
1694341085808 1.0785932771713358 27
1694341086000 1.01631483174318 28
1694341086199 0.9594464531356861 29
