1694342268835 169.08902758239503 0
1694342268982 167.62677553512307 1
1694342269105 166.47202047180812 2
1694342269220 165.36891502218788 3
1694342269357 164.28604079957282 4
1694342269480 163.21932917076768 5
1694342269601 162.1680482174758 6
1694342269735 161.13187680905332 7
1694342269985 160.11054801868372 8
1694342270186 159.1038056005131 9
1694342270402 158.11139861281356 10
1694342270554 157.13308069036103 11
1694342270659 156.16860988461212 12
1694342270758 155.21774857435906 13
1694342270864 154.28026338624204 14
1694342270985 153.35592511771208 15
1694342271097 152.4445086615165 16
1694342271201 151.5457929315736 17
1694342271318 150.65956079019722 18
1694342271421 149.78559897664536 19
1694342271529 148.92369803696832 20
1694342271646 148.073652255133 21
1694342271760 147.23525958539977 22
1694342271864 146.408321585929 23
1694342271989 145.59264335359526 24
1694342272117 144.78803345998693 25
1694342272251 143.99430388856925 26
1694342272363 143.2112699729906 27
1694342272574 142.43875033651 28
1694342272821 141.67656683252616 29
