1694342555038 170.50696837551712 0
1694342555184 170.277454592526 1
1694342555324 170.0625754455557 2
1694342555473 169.86050857412582 3
1694342555633 169.66966110860025 4
1694342555784 169.4886407657843 5
1694342555935 169.31623058504272 6
1694342556093 169.15136684641416 7
1694342556242 168.9931197699491 8
1694342556479 168.84067664597302 9
1694342556706 168.69332709010115 10
1694342556891 168.55045015538906 11
1694342557021 168.41150306771405 12
1694342557140 168.27601137993926 13
1694342557282 168.14356036616547 14
1694342557425 168.01378749987975 15
1694342557575 167.88637587948477 16
1694342557709 167.76104848188538 17
1694342557856 167.63756313983765 18
1694342558017 167.51570815190385 19
1694342558150 167.3952984453343 20
1694342558283 167.27617222223643 21
1694342558395 167.1581880281596 22
1694342558527 167.0412221898935 23
1694342558642 166.9251665759761 24
1694342558759 166.80992663926685 25
1694342558934 166.69541970605843 26
1694342559175 166.5815734806754 27
1694342559373 166.46832473841903 28
1694342559554 166.3556181831368 29
