1694344726617 168.4178577621534 0
1694344726758 168.38424331183342 1
1694344726907 168.35063558363552 2
1694344727099 168.3170345762152 3
1694344727289 168.28344028822806 4
1694344727453 168.2498527183301 5
1694344727732 168.21627186517745 6
1694344728059 168.18269772742673 7
1694344728360 168.14913030373458 8
1694344728568 168.11556959275808 9
1694344728866 168.08201559315447 10
1694344729149 168.04846830358136 11
1694344729395 168.01492772269654 12
1694344729571 167.98139384915814 13
1694344729716 167.94786668162453 14
1694344729891 167.9143462187543 15
1694344730066 167.8808324592064 16
1694344730224 167.84732540163998 17
1694344730365 167.81382504471443 18
1694344730513 167.78033138708952 19
1694344730681 167.74684442742526 20
1694344730851 167.7133641643818 21
1694344731002 167.6798905966197 22
1694344731143 167.6464237227997 23
1694344731420 167.61296354158293 24
1694344731710 167.57951005163065 25
1694344731928 167.54606325160444 26
1694344732120 167.5126231401661 27
1694344732378 167.47918971597787 28
1694344732632 167.4457629777021 29
