1694338624517 169.089027582395 0
1694338624569 137.0359812026933 1
1694338624616 111.07055801636226 2
1694338624666 90.03636468806424 3
1694338624721 72.9967179185856 4
1694338624770 59.192890744374964 5
1694338624818 48.01029594604879 6
1694338624868 38.951097244066716 7
1694338624923 31.612026099641685 8
1694338624970 25.666414421246774 9
1694338625028 20.849641713525877 10
1694338625085 16.947347622532202 11
1694338625143 13.785884249322551 12
1694338625195 11.224582543637846 13
1694338625258 9.149488019550779 14
1694338625322 7.468286573214298 15
1694338625392 6.106194257941535 16
1694338625454 5.002627854913322 17
1694338625521 4.108507888604198 18
1694338625588 3.384073928922736 19
1694338625655 2.7971148556643106 20
1694338625713 2.321535254293751 21
1694338625779 1.9361940905534 22
1694338625845 1.6239639431945916 23
1694338626008 1.3709689004247583 24
1694338626106 1.165967184699801 25
1694338626200 0.9998510171890902 26
1694338626293 0.8652414550343785 27
1694338626380 0.7561601642034758 28
1694338626443 0.667763516841014 29
