1694345643853 150.33480699907338 0
1694345643997 150.03822603301995 1
1694345644183 149.7422944581342 2
1694345644323 149.44701078965116 3
1694345644476 149.15237354628457 4
1694345644633 148.85838125021832 5
1694345645176 148.56503242709834 6
1694345645586 148.2723256060244 7
1694345645952 147.9802593195418 8
1694345646198 147.6888321036333 9
1694345646407 147.39804249771095 10
1694345646640 147.10788904460782 11
1694345646843 146.81837029057016 12
1694345647029 146.52948478524894 13
1694345647173 146.241231081692 14
1694345647380 145.953607736336 15
1694345647532 145.6666133089983 16
1694345647704 145.3802463628688 17
1694345647899 145.09450546450228 18
1694345648098 144.80938918381008 19
1694345648492 144.52489609405237 20
1694345648767 144.24102477182996 21
1694345648979 143.95777379707667 22
1694345649189 143.67514175305118 23
1694345649469 143.3931272263292 24
1694345649698 143.1117288067957 25
1694345649939 142.83094508763688 26
1694345650126 142.5507746653325 27
1694345650282 142.271216139648 28
1694345650426 141.99226811362664 29
