1694345026799 169.08902758239503 0
1694345026981 165.73195717333064 1
1694345027151 164.09929074255962 2
1694345027314 162.47439140997415 3
1694345027489 160.8656551534739 4
1694345027681 159.27287922596958 5
1694345027864 157.6959054620653 6
1694345028315 156.13457705336612 7
1694345028591 154.58873874892487 8
1694345028787 153.05823683870997 9
1694345028961 151.54291913831233 10
1694345029135 150.0426349737993 11
1694345029312 148.55723516671856 12
1694345029485 147.08657201925126 13
1694345029652 145.63049929951254 14
1694345029802 144.18887222699792 15
1694345029958 142.76154745817425 16
1694345030125 141.34838307221386 17
1694345030292 139.94923855687037 18
1694345030460 138.56397479449464 19
1694345030792 137.19245404818972 20
1694345031066 135.83453994810324 21
1694345031286 134.49009747785587 22
1694345031530 133.15899296110476 23
1694345031774 131.8410940482401 24
1694345032048 130.53626970321415 25
1694345032253 129.24439019050072 26
1694345032400 127.96532706218437 27
1694345032546 126.69895314517787 28
1694345032734 125.44514252856628 29
