1694338695549 15.95089602125201 0
1694338695616 15.155586028701856 1
1694338695690 14.430479165957122 2
1694338695750 13.762476575811693 3
1694338695809 13.146987702675887 4
1694338695851 12.579397288341474 5
1694338695910 12.05555927369167 6
1694338695980 11.571718121253477 7
1694338696031 11.124471456846946 8
1694338696077 10.710734532957503 9
1694338696127 10.32770853317626 10
1694338696186 9.972852167939156 11
1694338696240 9.64385621929367 12
1694338696292 9.338620720100563 13
1694338696348 9.055234487640007 14
1694338696401 8.791956761769148 15
1694338696461 8.547200724713198 16
1694338696519 8.319518703576088 17
1694338696581 8.10758887805386 18
1694338696641 7.910203334906965 19
1694338696711 7.726257327751221 20
1694338696851 7.554739615886887 21
1694338696924 7.39472376940201 22
1694338696977 7.2453603398391335 23
1694338697027 7.105869806463094 24
1694338697073 6.975536217754228 25
1694338697131 6.853701456302062 26
1694338697180 6.739760062902502 27
1694338697235 6.633154562466748 28
1694338697295 6.533371240422597 29
