1694345070948 159.34894128742408 0
1694345071082 159.18973792553257 1
1694345071239 159.0307835061861 2
1694345071387 158.8719881088805 3
1694345071532 158.71335164074011 4
1694345071680 158.55487394256238 5
1694345071829 158.39655485534968 6
1694345071972 158.23839422026373 7
1694345072199 158.08039187862542 8
1694345072381 157.92254767191466 9
1694345072665 157.76486144177022 10
1694345072957 157.60733302998955 11
1694345073199 157.4499622785286 12
1694345073374 157.2927490295018 13
1694345073725 157.13569312518175 14
1694345073977 156.9787944079991 15
1694345074172 156.8220527205424 16
1694345074322 156.66546790555793 17
1694345074471 156.50903980594967 18
1694345074629 156.3527682647789 19
1694345074786 156.19665312526416 20
1694345074978 156.0406942307812 21
1694345075119 155.88489142486273 22
1694345075271 155.72924455119815 23
1694345075436 155.57375345363354 24
1694345075621 155.41841797617155 25
1694345075777 155.263237962971 26
1694345075941 155.1082132583471 27
1694345076113 154.95334370677085 28
1694345076471 154.7986291528692 29
