1694343161570 141.16249790363008 0
1694343161737 140.6733364584847 1
1694343161898 140.2508308887409 2
1694343162207 139.83160340276672 3
1694343162444 139.41811383111568 4
1694343162621 139.00992942666727 5
1694343162915 138.60677451138957 6
1694343163234 138.20839006364164 7
1694343163475 137.81453807981467 8
1694343163651 137.4249995407572 9
1694343163781 137.03957282374904 10
1694343163920 136.6580722365731 11
1694343164064 136.2803266762974 12
1694343164210 135.9061784016131 13
1694343164369 135.53548190913392 14
1694343164546 135.16810290484668 15
1694343164700 134.8039173626513 16
1694343164846 134.4428106626109 17
1694343165006 134.0846768021587 18
1694343165154 133.7294176740801 19
1694343165303 133.37694240561234 20
1694343165459 133.027166753483 21
1694343165740 132.68001255014855 22
1694343165993 132.335407196895 23
1694343166228 131.9932831998294 24
1694343166389 131.6535777451292 25
1694343166622 131.31623231022346 26
1694343166839 130.98119230786085 27
1694343167067 130.64840676027947 28
1694343167262 130.31782800092697 29
